3 0.80625 0.86875 0.225 0.159375
3 0.521875 0.8578125 0.14375 0.115625
1 0.875 0.6484375 0.18125 0.125
3 0.19296874999999997 0.93125 0.15781250000000005 0.1375
3 0.21953125 0.803125 0.1890625 0.203125
1 0.06171874999999999 0.11171875 0.12343749999999998 0.1234375
3 0.22421875 0.0578125 0.15781250000000005 0.115625
1 0.34375 0.0515625 0.10625 0.103125
1 0.4796875 0.603125 0.146875 0.16875
3 0.83515625 0.284375 0.1015625 0.0875
3 0.77265625 0.18828125 0.0921875 0.0921875
3 0.71640625 0.15703125 0.0890625 0.0953125
1 0.821875 0.49140625 0.115625 0.0984375
3 0.8390625 0.409375 0.103125 0.11875
3 0.73046875 0.3984375 0.1578125 0.15
1 0.51328125 0.46640625 0.1046875 0.1078125
1 0.53984375 0.3375 0.1046875 0.121875
3 0.36796875 0.578125 0.0453125 0.0625
3 0.36953125 0.1625 0.0859375 0.06875
3 0.27890625 0.53359375 0.06718749999999996 0.0515625
3 0.3421875 0.496875 0.05625000000000004 0.05625
3 0.28125 0.4921875 0.05 0.05625
2 0.38828125 0.375 0.2328125 0.190625
1 0.6 0.1171875 0.09375 0.13125
1 0.90625 0.084375 0.13125 0.109375
