3 0.9132954926568908 0.32206877025919245 0.12758611216028504 0.1275861121602851
0 0.8557510841250401 0.4287815777636762 0.16413178670260353 0.14256559829808163
3 0.7866184661251798 0.5236063543644762 0.1123557673550265 0.10601277076546128
1 0.6628763852013932 0.6225678306471469 0.15085330364242677 0.1533905022782529
3 0.5625723113665406 0.696195553854316 0.16295395993081296 0.17563995310994351
3 0.4187452667408478 0.7487934627794954 0.15313964361079102 0.16582563678992146
0 0.3248403052540746 0.7475941770367991 0.1511184682904924 0.21201123555031887
2 0.2335215051713396 0.7092985366486486 0.1332601523032853 0.16116933729737248
0 0.03932667734281106 0.7966921542703143 0.07865335468562212 0.15771232354751952
2 0.44170412362966477 0.27749476219764146 0.15778879011303826 0.14890859488764696
0 0.2782734818299847 0.18242159526062948 0.15931540108871506 0.16946419563201948
0 0.1361581697673646 0.11053200024993864 0.09941891550843418 0.13367109709208658
3 0.6379868735349523 0.19855251253681117 0.0894302070864691 0.09704180299394749
3 0.5594794959650788 0.1940562991656014 0.09163292749901286 0.11446771522144772
0 0.42721673350524003 0.14272588139443404 0.17749388931860083 0.1267499166020789
3 0.30954669170000004 0.8954289155154808 0.1422239670844973 0.14729836435614962
3 0.5439603112130469 0.9483003487304352 0.15490996026362785 0.10339930253912955
3 0.6703017513575744 0.9689538750112322 0.13537210016970647 0.062092249977535596
1 0.7230058469733812 0.7523948965027349 0.1840112780101093 0.14722189779063077
1 0.6699887321051976 0.8513252924929482 0.1658327897802233 0.1899361768205714
