1 0.11906059326485538 0.6031929963462097 0.17699785983551725 0.18656006271283554
1 0.4333366566146836 0.052980969711007214 0.22007735334964817 0.10596193942201443
1 0.49708453882832104 0.12531027953545223 0.13013380707214378 0.13132908243180857
3 0.5600604295695236 0.22299770900949792 0.1405425777239218 0.13337092556593316
3 0.6237585257642356 0.33335989208097416 0.12570141321868977 0.12331086249936013
3 0.7080250277151494 0.43231717321670937 0.1479133739576124 0.13596062036096446
3 0.9454248504197438 0.2861950686767793 0.10915029916051255 0.1306816587330507
3 0.5249768311374641 0.6557574455501851 0.15642945407931547 0.16479638159696897
3 0.49427214239084966 0.3955142107835431 0.1421361412349903 0.1516983441123086
3 0.8014306541088786 0.5965904934358707 0.14746509433455635 0.14387926825556208
1 0.8573844562015956 0.7083720916785397 0.11843018902285007 0.12560184118083884
