2 0.3046875 0.0890625 0.1125 0.16875
3 0.05546875000000001 0.225 0.11093750000000002 0.153125
0 0.6984375 0.37265625 0.1375 0.1390625
0 0.4734375 0.359375 0.184375 0.159375
0 0.40703125 0.4921875 0.16406250000000006 0.19375
0 0.18125000000000002 0.5765625 0.21562499999999996 0.1375
3 0.16796875 0.46640625 0.1640625 0.0984375
3 0.24374999999999997 0.334375 0.17812499999999998 0.1875
3 0.1953125 0.76484375 0.16874999999999998 0.1265625
3 0.1953125 0.865625 0.16874999999999998 0.1
3 0.17578125 0.96015625 0.12343750000000009 0.0796875
2 0.6484375 0.48515625 0.10625 0.2015625
0 0.80703125 0.8734375 0.3359375 0.234375
0 0.90234375 0.646875 0.1953125 0.2875
2 0.41640625 0.27890625 0.13906249999999995 0.1359375
2 0.4546875 0.19609375 0.075 0.0734375
3 0.46484375 0.23359375 0.0015625 0.0046875
2 0.39296875 0.05 0.1296875 0.096875
2 0.31796875 0.178125 0.0859375 0.078125
