1 0.89296875 0.4625 0.1671875 0.153125
3 0.50078125 0.26171875 0.1828125 0.1546875
3 0.21015625000000004 0.2890625 0.1171875 0.115625
3 0.72578125 0.75546875 0.1578125 0.1203125
3 0.4734375 0.721875 0.146875 0.153125
3 0.40234375 0.84609375 0.18906249999999997 0.1296875
3 0.2390625 0.88828125 0.11562499999999998 0.1171875
3 0.13515625000000003 0.89375 0.11093750000000002 0.1125
3 0.140625 0.68671875 0.078125 0.0671875
3 0.03203125000000001 0.45390625 0.06406250000000002 0.1421875
3 0.1484375 0.58984375 0.12812500000000002 0.1453125
3 0.10078125 0.44140625 0.08906249999999993 0.1234375
