1 0.712890625 0.2109375 0.09765625 0.09765625
3 0.2685546875 0.408203125 0.083984375 0.08984375
3 0.484375 0.4306640625 0.14453125 0.138671875
3 0.5458984375 0.5458984375 0.072265625 0.080078125
3 0.6484375 0.796875 0.078125 0.0859375
1 0.6962890625 0.34375 0.068359375 0.078125
3 0.8046875 0.35546875 0.10546875 0.13671875
3 0.6162109375 0.3330078125 0.068359375 0.087890625
1 0.38671875 0.1630859375 0.1484375 0.107421875
1 0.4619140625 0.0517578125 0.126953125 0.087890625
3 0.3427734375 0.2255859375 0.107421875 0.107421875
3 0.6552734375 0.9462890625 0.103515625 0.103515625
3 0.853515625 0.92578125 0.09375 0.1015625
3 0.9697265625 0.658203125 0.060546875 0.09375
3 0.6826171875 0.515625 0.068359375 0.0703125
3 0.94140625 0.166015625 0.109375 0.08984375
3 0.603515625 0.1259765625 0.09375 0.099609375
3 0.57421875 0.21875 0.05078125 0.046875
3 0.669921875 0.189453125 0.046875 0.0546875
3 0.23828125 0.873046875 0.140625 0.13671875
