0 0.09296874999999999 0.21328125 0.18593749999999998 0.1703125
0 0.39296875 0.31171875 0.1953125 0.2015625
0 0.41640625 0.50625 0.19843750000000004 0.2
2 0.9609375 0.06640625 0.078125 0.1328125
2 0.875 0.06015625 0.15625 0.1203125
1 0.04765625000000001 0.4984375 0.08906249999999993 0.096875
1 0.09531250000000002 0.525 0.09687500000000004 0.090625
1 0.125 0.5609375 0.109375 0.10625
1 0.1640625 0.59296875 0.11562500000000009 0.1203125
1 0.25625 0.671875 0.13124999999999995 0.140625
1 0.26796875 0.72421875 0.14531249999999996 0.1328125
3 0.3328125 0.77578125 0.14062500000000006 0.1453125
3 0.575 0.7125 0.109375 0.10625
3 0.53515625 0.7484375 0.1046875 0.09375
3 0.4984375 0.7796875 0.09375 0.10625
3 0.45078125 0.83359375 0.0984375 0.0890625
2 0.36875 0.8796875 0.14375 0.13125
3 0.40859375 0.85 0.1140625 0.134375
3 0.690625 0.78359375 0.0875 0.0984375
3 0.73046875 0.83203125 0.0703125 0.0734375
3 0.7890625 0.84765625 0.14375 0.1453125
3 0.8171875 0.90078125 0.146875 0.1359375
3 0.87109375 0.92890625 0.1734375 0.1328125
3 0.94765625 0.959375 0.0984375 0.08125
3 0.6375 0.86796875 0.115625 0.1328125
3 0.5859375 0.89140625 0.125 0.1203125
3 0.5625 0.92734375 0.13125 0.1171875
3 0.6859375 0.94921875 0.084375 0.0953125
2 0.50625 0.9484375 0.16875 0.103125
2 0.296875 0.928125 0.1656249999999999 0.14375
3 0.2265625 0.87578125 0.08437500000000009 0.0921875
3 0.18671875 0.85625 0.09843750000000004 0.096875
3 0.15234375 0.815625 0.14531249999999998 0.1375
3 0.12109375 0.775 0.09531249999999991 0.109375
3 0.07265625000000003 0.759375 0.10781249999999998 0.115625
3 0.0390625 0.66171875 0.078125 0.1015625
3 0.128125 0.9125 0.11249999999999993 0.10625
2 0.06406250000000002 0.9421875 0.12812500000000004 0.1125
3 0.02734375 0.83359375 0.0546875 0.0703125
