1 0.5929145637811075 0.04845709798104683 0.1503706628518341 0.09691419596209366
2 0.746536733053738 0.22076429925225458 0.2587786618134795 0.2696164233803601
3 0.8508145377507692 0.42642736663306036 0.16069902646975187 0.1343787483787559
3 0.946553484546937 0.5386607163710309 0.10689303090612601 0.14764374602641955
3 0.5290271371108874 0.40290937043046715 0.16543374496728674 0.16853024827210977
3 0.41404164999832177 0.358434669662853 0.1722960188009729 0.17539252210579598
3 0.2497765413012765 0.2130637497703504 0.19560975712744605 0.19096500217021145
3 0.12034739136804426 0.20717558664899335 0.13666617298998468 0.1629864510809807
3 0.6563092670715525 0.7692313486699788 0.13421887910367858 0.13112237579885555
3 0.4124392774266596 0.8868391905903469 0.10094636363869613 0.1117841252055769
3 0.2500366996039691 0.5034165384395313 0.1436682582932251 0.15140951655528267
3 0.16587643407007993 0.43311089972436084 0.11776741461089174 0.12241216956812628
1 0.03972196778569054 0.46550959350462945 0.07944393557138107 0.08957914631732955
1 0.05735354760350733 0.31379553004561134 0.06545632929726214 0.08093884582137739
3 0.013066759498120833 0.14139494922702636 0.026133518996241667 0.10787854320715956
3 0.7653865332572379 0.8914234755464585 0.14484692346622796 0.1479434267710511
