3 0.22794986189632632 0.8848898694634411 0.13915962923683173 0.1345314590856324
3 0.5088681741524713 0.6024633986617974 0.13158358341803975 0.15318171079030413
1 0.36778266422624895 0.5139630842743881 0.14121333099152505 0.17361052204992192
3 0.20419995887943684 0.28845021334075244 0.15769196285589757 0.11758115487883498
1 0.13790709177915333 0.1547933133900329 0.14991938689442863 0.12060764260349828
3 0.07436557020378526 0.05395609747143637 0.12952988166334645 0.10791219494287274
3 0.5187486314848546 0.12755010620520024 0.1703285451397784 0.12867501377898272
3 0.9432630392459653 0.26808059054162625 0.11347392150806943 0.1295691876918818
2 0.7647884258043207 0.44395105628720816 0.31569837394007827 0.26016033212568396
1 0.9109442222302031 0.7505011432670785 0.1297657178345588 0.13285116460202512
