2 0.35546875 0.81796875 0.2765625 0.3171875
2 0.31484375 0.3640625 0.26093750000000004 0.35
2 0.10859375 0.41640625 0.17031249999999998 0.2234375
2 0.2375 0.17578125 0.290625 0.3421875000000001
2 0.128125 0.11171874999999998 0.24375 0.22343749999999996
2 0.79375 0.06718750000000001 0.16875 0.13437500000000002
2 0.078125 0.89765625 0.15625 0.2015625
0 0.56484375 0.4125 0.1453125 0.11250000000000004
2 0.93828125 0.20234375000000004 0.1234375 0.2421875
2 0.5 0.12890625 0.128125 0.16718750000000002
