2 0.3348485739220456 0.6131751944044297 0.28648616691264644 0.3338273220184004
0 0.13357718533083657 0.6529816599228171 0.26467021490650156 0.2822540725172102
0 0.9178800821605522 0.6104428645926328 0.16423983567889558 0.18600988072710437
0 0.9663738379107913 0.7932973102798531 0.06725232417841731 0.11563350504168435
0 0.22143610421712193 0.8649311305738973 0.2866544988170658 0.27013773885220527
2 0.426048408210268 0.856525035483244 0.33622491392285714 0.28694992903351213
0 0.6221261817543062 0.3025220284544649 0.13837825712025476 0.11673658621476726
2 0.6857537091412761 0.20227514247168035 0.0749682315435666 0.08578906699631025
2 0.7131923306189166 0.4610381686018286 0.07164183956668424 0.07164183956668424
2 0.7268431365641014 0.4136214217726817 0.08480217322366564 0.06721831561295706
