1 0.9188919708951644 0.45973518809794023 0.16221605820967122 0.1855068981942869
1 0.7969326061397634 0.5345008819932733 0.14380664984108615 0.1402653232458294
1 0.6621296318893841 0.6380968245532606 0.1363747198505374 0.143457373041051
1 0.5718066390848359 0.7486274028601212 0.1319602012551928 0.13727219114807798
3 0.2740858184860688 0.7993583791145094 0.12385399696202637 0.11145935387862771
3 0.14067995143583012 0.8873919080933289 0.15034110853409444 0.148570445236466
3 0.04088986549285972 0.6794776214299345 0.08177973098571945 0.10175712468785036
3 0.11889082234355783 0.6167815731154178 0.11871664546915878 0.11871664546915872
3 0.21262906193825057 0.5555820908497767 0.15281032543179313 0.15458098872942144
1 0.3026634761863952 0.5028745086235162 0.11165827157609781 0.10457561838558421
1 0.3645661953699558 0.4358755402111162 0.1188912838691763 0.12066194716680467
1 0.4865355888779678 0.3987812718198533 0.1365736375480076 0.1241789944646089
1 0.5918704591072539 0.35038874934020237 0.18214020999904756 0.18036954670141925
1 0.7111717180200969 0.2993280922653825 0.1418613481434402 0.14009068484581183
3 0.809862872717838 0.16111455454270796 0.10724375298075306 0.09839043649261114
3 0.8976755463606594 0.17684180853409162 0.09572230189744224 0.12051158806423984
3 0.643791737179332 0.05600053964942012 0.12440219145953169 0.09607157869747746
1 0.44347422091670213 0.08115869859585623 0.12225797206441558 0.11517531887390198
1 0.2760862724012905 0.22006844825967642 0.1595437018222715 0.143607732143616
3 0.085684384334559 0.17846297543736162 0.12330580246452105 0.1268471290597778
1 0.14060390917634108 0.11279807432254604 0.1141274884737965 0.1105861618785397
1 0.27569312032419935 0.04098932434159483 0.15250960722666318 0.08197864868318966
