1 0.38671875 0.70625 0.22031249999999997 0.171875
1 0.5234375 0.95 0.140625 0.1
1 0.484375 0.8765625 0.11875 0.1125
3 0.0703125 0.1328125 0.1343749999999999 0.115625
3 0.36171875 0.903125 0.0953125 0.115625
2 0.9109375 0.33984375 0.146875 0.1453125
2 0.91484375 0.46796875 0.1578125 0.1546875
2 0.91015625 0.63671875 0.1578125 0.1984375
2 0.60234375 0.30625 0.1546875 0.171875
2 0.634375 0.41640625 0.16875 0.1984375
2 0.703125 0.56015625 0.1625 0.2421875
0 0.8109375 0.85078125 0.3125 0.1609375
2 0.9546875 0.0390625 0.090625 0.078125
2 0.84921875 0.06171875 0.1796875 0.1234375
2 0.740625 0.08125 0.178125 0.1625
2 0.61640625 0.14140625 0.1953125 0.1609375
2 0.9296875 0.15625 0.140625 0.153125
