0 0.759375 0.89765625 0.18125 0.1609375
0 0.90625 0.7484375 0.1875 0.296875
0 0.74921875 0.20546875 0.2421875 0.2515625
2 0.9109375 0.31953125 0.178125 0.1859375
2 0.76875 0.50390625 0.13125 0.1390625
2 0.14140625 0.65234375 0.2015625 0.2234375
2 0.26015625 0.88203125 0.26093750000000004 0.2359375
2 0.15859375 0.92265625 0.2109375 0.1546875
2 0.61484375 0.54140625 0.2109375 0.2234375
2 0.41875 0.73046875 0.26562500000000006 0.2640625
2 0.30859375 0.60625 0.1328125 0.15625
0 0.4890625 0.4734375 0.309375 0.303125
1 0.06328125000000001 0.10546875 0.12031249999999993 0.1453125
1 0.13515625 0.05078125 0.13281250000000003 0.1015625
