0 0.891747419312184 0.17260403592555645 0.2165051613756317 0.24910068465453775
3 0.8293533230178781 0.3468554000302535 0.15717286120541152 0.16608645566862545
3 0.7504466157367515 0.564720353145826 0.194656871846757 0.1755563122827269
3 0.612753877816606 0.43942261413742817 0.20999531719478232 0.16924745679151823
3 0.35015881670312227 0.3028306697577144 0.20108172273156835 0.17816105125473225
3 0.26864466511074275 0.27446195617237407 0.17662140695024958 0.20081544906468762
3 0.20989562269064663 0.21990214797099067 0.18277998416818017 0.20188054373221034
3 0.5090980289689471 0.10356401706682487 0.17247702367376147 0.19412432451299555
3 0.4300554795151326 0.08123495556874366 0.19625451384804088 0.16246991113748732
3 0.34569931413226773 0.05943608711021803 0.12732907438967828 0.11887217422043606
3 0.31094802191231363 0.4562045551754187 0.19131130957091091 0.17348412064448282
3 0.23939541801083308 0.41608023333637895 0.22349356169176898 0.19547940766452476
3 0.1542232901874886 0.376771873937819 0.15027346068364023 0.16937402024767026
3 0.5016082100638334 0.5732201010081287 0.21062014510502033 0.14695161322492015
3 0.6320311358102874 0.6901249354785108 0.19856926433603955 0.14636106819435746
3 0.5334517547204192 0.8062745105444623 0.1750580478286409 0.15723085890221283
3 0.19295966198855757 0.6799960947217165 0.20286392588580568 0.13664865273050147
3 0.06792784560199863 0.5872971597743354 0.13585569120399726 0.17564859285920348
3 0.40646667182628804 0.7153353532802061 0.19889353569972168 0.15687230465885554
3 0.8521357002772195 0.8019257193359357 0.14979891104668025 0.17526632379872026
3 0.905212572524908 0.8388547571724073 0.10891134043268753 0.15475268338635964
3 0.7343911885492316 0.946867484349716 0.19033849547986498 0.10626503130056797
3 0.4610990404722831 0.8762176150360957 0.22242846702424637 0.18932083044659437
