1 0.10844587784976958 0.948242767258882 0.10746017526188861 0.10351446548223586
2 0.8546629652279742 0.10736086152653807 0.24756001986377785 0.21472172305307613
2 0.8192149167110118 0.18977261948208066 0.1796176703153891 0.17241939579397342
2 0.6835438862703895 0.2989960212971796 0.25507841253311025 0.22268617718673894
2 0.5070369270776229 0.425032837399703 0.15612378917540204 0.1435268087629244
3 0.48128237465749746 0.0988982687587096 0.13124994649836325 0.14744606417154882
3 0.36709585317985727 0.22020084331743323 0.11734568870312084 0.1173456887031209
2 0.9496698965289574 0.5965300278941075 0.10066020694208522 0.16364218184473456
2 0.8682172046473298 0.564089336444878 0.1318659547427673 0.13006638611241328
2 0.754449001893157 0.6393294494600681 0.10790401040661979 0.1205009908190976
2 0.6080653578504127 0.6719959235911672 0.12348411983540142 0.12168455120504751
1 0.4765826681238041 0.6300772117682931 0.13820078702614969 0.08601329674588487
1 0.3573526126103275 0.6205265072403614 0.11781375189928112 0.09801849696538756
3 0.26965263857502353 0.6134774661370239 0.08411423917014521 0.0877133764308532
2 0.9446047111813611 0.6762920021667769 0.11079057763727762 0.12752709224084058
3 0.2873849117497153 0.3183175408583717 0.08606175284874296 0.08786132147909687
3 0.18404425815705705 0.3761161173160189 0.1110593125225966 0.11105931252259654
3 0.5963820828458638 0.0472730019306169 0.10492088139031597 0.0945460038612338
