1 0.6046875 0.94453125 0.065625 0.0734375
1 0.64453125 0.490625 0.0890625 0.115625
3 0.4796875 0.4859375 0.165625 0.121875
0 0.42265625 0.05625000000000002 0.0921875 0.11250000000000004
3 0.7984375 0.30078125 0.140625 0.1203125
3 0.4359375 0.303125 0.10625 0.140625
3 0.5265625 0.303125 0.096875 0.15312499999999996
3 0.63203125 0.3015625 0.1234375 0.134375
1 0.05078125 0.3984375 0.1015625 0.13437499999999997
0 0.5171875 0.06718750000000001 0.090625 0.09062500000000007
2 0.52734375 0.16015625 0.1328125 0.10781250000000009
