2 0.1774489668254155 0.7554905207504196 0.2386044392657926 0.25325888488086096
3 0.6115884648056866 0.2872765607822623 0.12169883665966363 0.16566217350486873
3 0.706751941767102 0.08341631463707219 0.18790958942422442 0.16683262927414438
3 0.7963925341156486 0.3286051425339238 0.1978563848321052 0.2657997235928767
3 0.9125221281366833 0.8687653486500743 0.17495574372663344 0.16963398661723642
3 0.9093289440423089 0.6347491259138507 0.18134211191538227 0.2027793993662737
3 0.2835297833772388 0.2027812092530028 0.15398279210077703 0.1686372377158454
2 0.17724535401256242 0.47629125669402034 0.25926423216276795 0.34719090585317797
2 0.33806942140695806 0.5493529561325626 0.2439084747068029 0.31318403579621695
2 0.5700099934731211 0.6629998089813484 0.25709540639976164 0.2770787413294002
