3 0.5380859375 0.6845703125 0.115234375 0.142578125
3 0.615234375 0.642578125 0.1015625 0.1171875
3 0.6923828125 0.623046875 0.119140625 0.15625
3 0.7412109375 0.583984375 0.126953125 0.14453125
3 0.830078125 0.552734375 0.13671875 0.1484375
3 0.8828125 0.494140625 0.11328125 0.1171875
3 0.943359375 0.4716796875 0.109375 0.134765625
3 0.470703125 0.5048828125 0.1484375 0.103515625
3 0.4013671875 0.35546875 0.177734375 0.140625
3 0.599609375 0.421875 0.10546875 0.0859375
3 0.529296875 0.2900390625 0.14453125 0.158203125
3 0.666015625 0.4013671875 0.109375 0.134765625
3 0.6015625 0.2578125 0.1328125 0.15625
3 0.671875 0.2314453125 0.125 0.158203125
3 0.7236328125 0.361328125 0.111328125 0.12109375
3 0.796875 0.318359375 0.125 0.1328125
3 0.7353515625 0.201171875 0.126953125 0.1484375
3 0.8720703125 0.30078125 0.087890625 0.1171875
3 0.9384765625 0.259765625 0.119140625 0.125
3 0.80859375 0.1650390625 0.1171875 0.138671875
3 0.8779296875 0.123046875 0.119140625 0.125
3 0.9306640625 0.087890625 0.111328125 0.109375
3 0.201171875 0.439453125 0.17578125 0.1484375
3 0.107421875 0.490234375 0.10546875 0.125
3 0.05859375 0.5361328125 0.11328125 0.134765625
3 0.0673828125 0.3037109375 0.126953125 0.130859375
3 0.294921875 0.169921875 0.13671875 0.16796875
3 0.37109375 0.14453125 0.09375 0.1328125
3 0.4580078125 0.1064453125 0.099609375 0.103515625
3 0.6298828125 0.044921875 0.130859375 0.0859375
3 0.078125 0.1591796875 0.1328125 0.107421875
