3 0.9049387211494573 0.8648636213600461 0.13997660924400873 0.13735178060670386
3 0.9380378553132305 0.6469203294142605 0.12392428937353905 0.16772254900939335
1 0.9934766717171083 0.8946549591359922 0.013046656565783188 0.07250583886186739
3 0.7626624664886584 0.2558219283981065 0.1480182571394238 0.15064308577672847
3 0.4017518288874344 0.27777727072982383 0.09785961587501424 0.10835893042423361
3 0.5790667423114702 0.3482534523839947 0.15898290345877716 0.14323393163494808
3 0.5212787217948889 0.42095016663505413 0.07420000395890387 0.07157517532159904
1 0.8746966242625825 0.40170323393239177 0.13811528216347177 0.12499113897694776
1 0.7067279026511816 0.5297043545546121 0.15049400088341153 0.15705607247667358
1 0.6941977627506063 0.10021948473196984 0.15680532950142298 0.11874531426050319
1 0.8040746577432841 0.1215964623792087 0.13053896603819118 0.11478999421436231
1 0.18373176040906586 0.36196159657050525 0.1398275243506919 0.1463895959439539
1 0.06091032498803972 0.469733225966563 0.10188043982272163 0.11500458300924592
1 0.3832098005005351 0.6163441129631735 0.12823038427770367 0.12954279859635606
1 0.5293271741494712 0.5793299260613962 0.08177632008418456 0.08177632008418456
3 0.11897630631654119 0.9835409447903734 0.10442168746827636 0.03291811041925321
1 0.2640566857686378 0.11363849767693834 0.18300618906308813 0.14232134518486328
