1 0.61953125 0.8 0.1234375 0.159375
3 0.4 0.77109375 0.171875 0.1359375
3 0.740625 0.4890625 0.196875 0.128125
3 0.590625 0.2453125 0.1375 0.09062500000000004
3 0.58046875 0.19296875000000002 0.1234375 0.08281249999999996
3 0.275 0.39453125 0.14375000000000004 0.13906250000000003
3 0.44375 0.49453125 0.184375 0.1390625
3 0.06796875000000002 0.27578125 0.10468750000000004 0.11406249999999996
3 0.2953125 0.21484375 0.203125 0.1421874999999999
3 0.48125 0.95625 0.140625 0.0875
3 0.15234375 0.621875 0.1390625000000001 0.11875
3 0.93984375 0.32421875 0.1203125 0.1265624999999999
1 0.8421875 0.13984375000000004 0.165625 0.1015625
