0 0.8611997513489407 0.2883825810376758 0.21716610034782474 0.22381165313739113
0 0.9490229831994142 0.23122740982082646 0.10195403360117154 0.13934649679161026
1 0.4835851476516452 0.3664918553319903 0.17307457228089546 0.17212520759667171
3 0.4389477891067163 0.5388358500379097 0.13806741738784228 0.1532572523354226
3 0.7884904614386249 0.8851897636873991 0.13977285659286628 0.1435703153297613
3 0.6895772621374793 0.9674872720009215 0.13810719686225098 0.06502545599815672
0 0.6262853927389646 0.7769989010489536 0.20833188294467542 0.22067362383958428
1 0.6001862747357407 0.9111579320896045 0.13892013699035416 0.14841378383259193
1 0.47141641042240234 0.947547677774395 0.14105193599663393 0.10490464445120988
1 0.15875105729482514 0.8538432462145671 0.15872037080293286 0.14258117117112867
1 0.3623132912233498 0.8689451114004004 0.14661169954585604 0.14471297017740853
3 0.4378618676128543 0.7332824743845967 0.11046188980515556 0.11900617196316947
1 0.36652295948643393 0.7800713894194922 0.1166810827934659 0.11478235342501844
