1 0.1923828125 0.2802734375 0.166015625 0.072265625
3 0.134765625 0.134765625 0.1796875 0.125
2 0.46875 0.587890625 0.28125 0.3203125
1 0.60546875 0.798828125 0.125 0.0859375
1 0.4814453125 0.92578125 0.099609375 0.078125
1 0.76171875 0.8115234375 0.07421875 0.119140625
1 0.876953125 0.8154296875 0.05078125 0.103515625
1 0.734375 0.5322265625 0.109375 0.099609375
1 0.7666015625 0.365234375 0.115234375 0.09375
1 0.67578125 0.244140625 0.0859375 0.06640625
3 0.9169921875 0.0947265625 0.083984375 0.103515625
3 0.9521484375 0.2763671875 0.091796875 0.115234375
3 0.96484375 0.4072265625 0.06640625 0.087890625
3 0.974609375 0.5068359375 0.046875 0.091796875
