1 0.3227577350127799 0.2382684726808307 0.14774122879748308 0.13877604216210668
1 0.5426966819348271 0.033790895324747494 0.17595341841148268 0.06758179064949499
1 0.8542692223939781 0.31655615774935764 0.10855773354340129 0.16981984221847285
1 0.7808434410452246 0.8623513080022477 0.15677328606634963 0.1313719239327833
1 0.40433203750596336 0.6522952144963511 0.14856672023514378 0.12167116032901486
1 0.38793155819836334 0.7430827511825256 0.14903481466957524 0.1325986391713851
1 0.3284266080821254 0.45277011532823835 0.11237162052618732 0.14972656484025557
1 0.19035496844551064 0.6822275184930071 0.1250607796750814 0.15494473512633586
3 0.14231224469089984 0.9092857094592508 0.10483376102988355 0.15563648529701624
3 0.23584260778709493 0.9164200842807686 0.13578764661698126 0.1507296243426083
3 0.36259006652808773 0.9148117977662364 0.1457558927547106 0.16518046379802592
3 0.6093484416787296 0.8315460769107869 0.13906656853184582 0.11814779971596767
3 0.6326734228633324 0.7434010606843978 0.14999404737421623 0.11861589415039911
3 0.7886914794362787 0.7704154486288509 0.15494473512633586 0.12506077967508142
3 0.6355707735022669 0.6575088630347418 0.17394503853293175 0.13210750090117546
3 0.8052372219287485 0.6944914971169242 0.14687191056211057 0.11848215288341883
3 0.6517821628272855 0.5893902535530798 0.1657384727017261 0.12240673729740692
3 0.6807380600167992 0.497576613528774 0.1793638207194827 0.14947986526822818
3 0.818627392292367 0.6192143385410436 0.16683144667334746 0.11154612908852676
1 0.8204317689596798 0.522327791415527 0.1444853507183967 0.1355201640830206
3 0.052963774610351975 0.38466867994907766 0.09970324433922689 0.21774486837168222
3 0.2261212787700578 0.467936879227037 0.09749651343405023 0.16622961097193567
1 0.10813048170551384 0.10083210406237286 0.1691949626812828 0.13034582059465194
1 0.35726502521890247 0.0716238551162198 0.18955572259346112 0.13277620723607747
3 0.4750852543889536 0.2784182008097532 0.20868976726703742 0.14294506527427736
3 0.5048101638636047 0.16865227411583877 0.19959083936468058 0.14878811509754797
3 0.12505553460006866 0.04471137399691849 0.208846552369796 0.08942274799383698
3 0.7349247514453864 0.2731275077055705 0.1856519211414062 0.187146118913969
3 0.7694270848064892 0.9389204515753041 0.14143008453978112 0.1221590968493917
