2 0.512951217291965 0.2239295325563017 0.3529548111336823 0.3746155064196093
2 0.2197538357702833 0.4960901147590927 0.2698619576913248 0.5283462547700533
2 0.3634113890070377 0.776560871869045 0.2979025933008387 0.2719097589577262
0 0.3418780959510008 0.9219166924147045 0.296721313837655 0.15616661517059094
0 0.1479517577961432 0.8584764270629344 0.05748503546536338 0.09791833333242705
0 0.13786146628532328 0.7706985028944497 0.06197361679371577 0.07930217302245735
3 0.08971144291913793 0.27612386926389976 0.12091675035270472 0.13102507481947068
1 0.265388604174198 0.14651169265846362 0.12137202542497527 0.13292439624413638
1 0.38434186370788403 0.10272097527310864 0.1257683338765137 0.1662016317435775
1 0.14968339488485918 0.023243738988540652 0.09774783932002956 0.046487477977081304
