2 0.8767400548954154 0.21824496319681908 0.23706943623825136 0.33725130875849973
0 0.45281053708456087 0.567674184256276 0.2016126785555737 0.1986221748982529
3 0.3007948480878405 0.3191733180723432 0.10581897124512363 0.10731422307378402
1 0.19644550428575216 0.10697682388974353 0.0988500705279404 0.08987855955597784
3 0.17124086630111118 0.04704844334783592 0.15582087719261195 0.07358202661628876
1 0.3075149768582819 0.60820943346646 0.09150553050497719 0.10047704147693963
3 0.3589219052577237 0.7702491318287661 0.12547434175345407 0.12996009723943525
3 0.3872914548277274 0.8495926153907927 0.09326422057431527 0.10522623520359868
1 0.5177759749153594 0.8472155648943044 0.1178663634898129 0.13431413360507757
1 0.6080411318688066 0.7441004883133576 0.11857130059644021 0.11408554511045894
