0 0.8129235928920376 0.45542116783535935 0.2709334081058907 0.28616517163804056
0 0.754460709340545 0.8539780875704895 0.14015121477457768 0.2920438248590207
0 0.9294066324356984 0.8562114345639443 0.13077911175162313 0.2875771308721111
0 0.545512552569145 0.9313105142289558 0.09713902214996431 0.1373789715420884
0 0.40978345793465765 0.8595872524705719 0.13808426697947818 0.2797396678284702
0 0.09761991242938245 0.7478866859514135 0.17608599417529736 0.23853622465711127
0 0.22525865101107181 0.7690348304288294 0.12068580215918341 0.14505662381062284
1 0.06818609593628194 0.9087786467518317 0.13637219187256389 0.1145154151117687
1 0.4365677131570041 0.5367157879859659 0.15325511783585966 0.13650017795049524
1 0.33106490844345454 0.47391753093849986 0.10572592434797605 0.17122250753621976
1 0.10545472159018698 0.4956597537341613 0.14232099764241277 0.13622829222955293
1 0.2301594376775821 0.4776603669060725 0.12572142102615808 0.15923130079688724
1 0.4698246974855918 0.14210805611053995 0.1558353807349601 0.11470961919815592
1 0.6670744944370852 0.19233933784906004 0.1272529818587665 0.09526627844125202
1 0.6490656124695962 0.2880149856615705 0.16485791640241745 0.10088450956738884
1 0.622644611981844 0.4077076955303266 0.17867464155379106 0.1543038199023516
1 0.6332265133699421 0.5478577996448973 0.14731777569210988 0.14884095204532474
1 0.31526687148109167 0.1663985446775727 0.10592012843436346 0.17903259338868194
1 0.2587681006519631 0.36427398694520247 0.08808603014462295 0.08960920649783795
1 0.12092064068600836 0.219396339052025 0.12795211656976097 0.1233825875101161
1 0.1131562393403722 0.12307981775443615 0.1354126350667259 0.10951863706207139
1 0.24942072093735076 0.11161980573789823 0.08492315498636058 0.08796950769279048
1 0.2463481041327335 0.2037593983883136 0.09046370447794239 0.12245040789545665
1 0.4950374403980454 0.04049130282792854 0.1285042724910391 0.08098260565585708
1 0.8515006585276325 0.12971697513934946 0.1124873081339465 0.1292422480193111
1 0.44922032445006044 0.2478785543053351 0.1522368721072521 0.15832957752011195
3 0.8066115299546099 0.26926923882581627 0.1297471786439181 0.13279353135034824
3 0.924445183493751 0.11902693577881249 0.08538924479369037 0.1067137137386998
3 0.9743615476708467 0.1266538534741326 0.0512769046583065 0.10925513582052257
0 0.9576774457304886 0.258275316616608 0.084645108539023 0.1427954719291359
0 0.9361740008680336 0.19991748945786425 0.12765199826393286 0.0751931001285151
0 0.8074702201744113 0.26616462489347015 0.1127980346721662 0.14173838538325065
3 0.4454055398774745 0.3384367093766193 0.12217852217451446 0.07952958428449519
3 0.44674289662369554 0.4103671808538266 0.11694031474175896 0.11998666744818882
3 0.3008576088013174 0.02615441888300568 0.09511929965153568 0.05230883776601136
1 0.14619848851392686 0.025187590690765566 0.1232744495376771 0.05037518138153113
