0 0.9078125 0.7109375 0.121875 0.11875
0 0.8546875 0.66953125 0.11875 0.1140625
0 0.8234375 0.61953125 0.103125 0.1046875
0 0.64375 0.86484375 0.115625 0.1171875
0 0.3515625 0.6796875 0.14375 0.165625
0 0.26953125 0.6625 0.1140625 0.178125
0 0.184375 0.6546875 0.11562499999999998 0.184375
0 0.08046874999999998 0.64453125 0.16093749999999996 0.1984375
0 0.48359375 0.30546875 0.2046875 0.2078125
0 0.490625 0.14453125 0.171875 0.12968749999999998
0 0.42890625 0.10234375 0.13281249999999994 0.12968750000000007
0 0.3703125 0.05937500000000001 0.15312500000000004 0.11875000000000002
0 0.2546875 0.09687499999999999 0.19374999999999998 0.13750000000000007
0 0.2515625 0.234375 0.14375000000000004 0.1781250000000001
0 0.30390625 0.20703125 0.1265625 0.1734374999999999
0 0.3515625 0.2015625 0.075 0.14375000000000004
0 0.38046875 0.18046874999999996 0.11093750000000005 0.1328125
0 0.553125 0.85859375 0.1125 0.1609375
0 0.45546875 0.84296875 0.1015625 0.1796875
0 0.36640625 0.82734375 0.0953125 0.2015625
0 0.29375 0.81875 0.115625 0.203125
0 0.21640625 0.8140625 0.09531250000000005 0.20625
0 0.1359375 0.81015625 0.11875000000000002 0.2078125
0 0.04375000000000001 0.81171875 0.08750000000000002 0.1953125
2 0.25312500000000004 0.05546875000000001 0.234375 0.11093750000000002
