0 0.65 0.259375 0.18125 0.259375
3 0.65078125 0.54453125 0.0984375 0.1671875
3 0.89453125 0.94453125 0.1140625 0.1109375
3 0.96796875 0.7296875 0.0640625 0.15625
3 0.95859375 0.5359375 0.0828125 0.1625
1 0.83203125 0.58984375 0.1390625 0.1609375
0 0.42578125 0.60859375 0.2859375 0.2453125
0 0.07968750000000002 0.165625 0.15937500000000004 0.284375
1 0.4265625 0.95234375 0.1375 0.0953125
1 0.40078125 0.78984375 0.13906249999999995 0.0984375
1 0.6078125 0.82109375 0.15 0.0984375
2 0.72578125 0.65546875 0.1140625 0.1390625
1 0.12890625 0.465625 0.1421874999999999 0.165625
1 0.04999999999999999 0.571875 0.09999999999999998 0.125
1 0.08437499999999998 0.6828125 0.16874999999999996 0.10625
1 0.05234375000000002 0.7734375 0.10468750000000004 0.09375
1 0.06484374999999998 0.8953125 0.1015625 0.125
1 0.19687499999999997 0.91875 0.13124999999999998 0.1125
