3 0.052178091718598996 0.22764948155688458 0.10435618343719799 0.1506124074181818
1 0.7382259350728321 0.004557418100857524 0.12457126220546968 0.009114836201715049
1 0.7352824624862411 0.0575925806451964 0.19788809000469137 0.1151851612903928
1 0.8335432604940614 0.12559439448441637 0.14252437716883443 0.13375432448276842
1 0.36789159109312763 0.4550553168206225 0.1318351101090621 0.12525757059451262
3 0.21303907249601517 0.5434516423933291 0.13704309424004318 0.13923560741155966
3 0.08024619203681033 0.5197482316556874 0.12142097868381063 0.1433461103989754
3 0.44525518927208874 0.5813353087913095 0.13471393166962167 0.1511577804559953
3 0.20750415956145524 0.9564556177080135 0.13909895801265437 0.08708876458397281
3 0.8086957798144759 0.8628036262067885 0.16623268613770392 0.1541738636943631
1 0.9143497277779516 0.7424785979692844 0.1569141990193071 0.15581794243354885
1 0.9563152946356877 0.6063951109160944 0.08736941072862496 0.14732118854529325
1 0.7614011165819582 0.4044053959680879 0.17335804780568081 0.13937409364717523
2 0.6458793286493995 0.4974597405421859 0.17281145021006034 0.17829273313885158
3 0.7805917296217623 0.5489822693755645 0.11991232478572318 0.1122385286854155
3 0.8775476232720457 0.545210328490894 0.1049752930607264 0.11374534574679247
3 0.9149259449434567 0.43036903229779505 0.17014811011308684 0.18117094242050752
3 0.927561192067885 0.366370997756422 0.1301910313698766 0.1345760577129096
3 0.9177671873083859 0.4937503077073847 0.10840071221690621 0.10072691611659863
