1 0.8815899235906619 0.06823573536700286 0.16750111351419897 0.12749670662225915
3 0.8448600141118938 0.3778707045489519 0.10962419021740999 0.121933238491853
3 0.44161670108934964 0.27955825205638873 0.25454213672109466 0.20222868155471155
3 0.5779863181260346 0.45820881282172155 0.16908712329987888 0.12908271640793895
3 0.24321090774471427 0.5336106322271141 0.13990051239945117 0.16144134687972667
3 0.06695977358614585 0.6090497532740866 0.1339195471722917 0.16764324976832262
1 0.09542118321454096 0.23211655958401808 0.18641596244928738 0.2418066796842811
1 0.20317568033070693 0.0821705126736221 0.14612610466373455 0.1599737839724829
1 0.4193089078626534 0.05082783710162658 0.18274528760312947 0.10165567420325317
3 0.7111779628303457 0.1250336136846563 0.24760586318619388 0.15682663216217635
