1 0.49705166797440475 0.06633111719147766 0.11870316102482255 0.11870316102482259
1 0.3186370483394118 0.38747316171120927 0.12330889889639182 0.11251471433958908
1 0.5845485635850178 0.24717301037117756 0.1517976575423492 0.14100347298554652
3 0.20621541891923584 0.14067619957479516 0.11389401091121953 0.10926793181544694
3 0.1465238976066668 0.04740505457596772 0.15751825607090475 0.09481010915193544
3 0.12350147218672261 0.13256746053944155 0.13233730362169965 0.08607651266397381
3 0.08587047874523879 0.20239598329640307 0.1344285430404486 0.12671841121416097
3 0.06266498230746413 0.30444628326724554 0.12166516641011738 0.10624490275754202
3 0.18168578957114118 0.4044417156669439 0.11533433115546021 0.09991406750288485
3 0.290095483295846 0.4792968780658439 0.14345694776575663 0.10028020953854577
3 0.13464812541948676 0.5366530652692234 0.09971065526085093 0.09971065526085088
3 0.04860993794021773 0.42380467406737843 0.09705376823860701 0.13560442737004513
3 0.19446169407727618 0.6233765904335057 0.09041781462089897 0.10583807827347433
3 0.24997073655234728 0.8006767533381144 0.13753293699516717 0.12519672607310675
1 0.22391511146239657 0.8815944084028278 0.14966573567519345 0.0972368392564377
3 0.47611697922561175 0.5340669686050893 0.1553902408779489 0.17697860999155424
1 0.46321747796375856 0.6846930524186439 0.14530409249406478 0.12217369701520209
1 0.272974774085188 0.6540888064555341 0.11714079343536174 0.11868281980061912
1 0.7856371129341037 0.8850011595302931 0.15128912693726448 0.10194428324902365
3 0.4339092103383659 0.9553578491680952 0.14956402955417655 0.08928430166380981
