3 0.609375 0.74296875 0.13125 0.1015625
3 0.521875 0.79609375 0.096875 0.1109375
3 0.47265625 0.76875 0.0921875 0.09375
3 0.36953125 0.77578125 0.1015625 0.1140625
3 0.33359375 0.73984375 0.11406249999999996 0.1171875
3 0.52578125 0.6265625 0.1484375 0.11875
3 0.88828125 0.59921875 0.1234375 0.0921875
2 0.1578125 0.51640625 0.234375 0.2296875
2 0.13124999999999998 0.328125 0.26249999999999996 0.153125
3 0.90078125 0.1875 0.1328125 0.11562500000000009
3 0.7734375 0.21796875 0.11875 0.14531250000000004
3 0.69453125 0.1671875 0.1140625 0.11875000000000002
3 0.61796875 0.12890625 0.1140625 0.11093749999999991
3 0.49765625 0.07109374999999996 0.1140625 0.1328125
3 0.403125 0.06718750000000001 0.090625 0.11249999999999993
2 0.32421875 0.52421875 0.1140625 0.1265625
2 0.32578125 0.390625 0.09531250000000005 0.109375
0 0.259375 0.23671875 0.296875 0.19218749999999996
1 0.653125 0.5921875 0.096875 0.090625
1 0.70234375 0.65390625 0.1109375 0.1046875
1 0.8078125 0.503125 0.134375 0.11875
