1 0.09777434333315374 0.8637773204407395 0.19554868666630748 0.1631814021437757
1 0.16356727861744402 0.8462687009259426 0.23762838150440632 0.22654418383389174
1 0.2615969568330218 0.7891130441366732 0.2342351972737438 0.23177204223585174
1 0.08597128892382372 0.7141721605925141 0.17194257784764744 0.21503457901072648
1 0.034549643699004345 0.7361659286785829 0.06909928739800869 0.16552376059993365
1 0.2968724296342661 0.0564149595914879 0.16635225293573191 0.1128299191829758
1 0.13863812841340709 0.13910072563110193 0.17333863286626044 0.18442283053677527
0 0.5856823943223932 0.22225191101288488 0.17032314960450295 0.16909157208555683
0 0.5089468871788313 0.08703633792782006 0.1598674328005827 0.17407267585564012
0 0.4784716896384765 0.05430105906351714 0.13792749538774016 0.10860211812703428
0 0.5534217599168566 0.14743182405046013 0.18045193386800432 0.16813615867854353
0 0.41460231165771055 0.24194905257601124 0.17002160127832724 0.16755844624043498
0 0.3857094772685935 0.16619893642081623 0.1666284170476647 0.17278630464239506
0 0.34171231123407475 0.11056830673665752 0.15685194953882503 0.16054668209566328
3 0.03992368289694176 0.4782119247444555 0.07984736579388352 0.19540855359505835
3 0.18104483255667708 0.3687903760427066 0.1973670865928307 0.1567250284676099
3 0.08289633200989521 0.2443848491491302 0.11141050240903497 0.16929464579950088
3 0.17455541905441738 0.207474068779742 0.18530209130105962 0.18530209130105962
3 0.20680336135283245 0.27831056696627426 0.17535099653725927 0.13470893841203857
3 0.39491391370064516 0.7468601764012314 0.21063521294456455 0.22418256565297145
3 0.33697747075932305 0.5961265070134021 0.2293850398406884 0.2146061096133356
3 0.23461188701319097 0.6388936266513449 0.2878438334245227 0.2570543954508704
1 0.1360537336656204 0.6744474395529421 0.1819596754988832 0.17580178790415282
1 0.12646914050359737 0.4567831769893738 0.25293828100719473 0.24453860879220599
0 0.5657624761924005 0.5583191804054974 0.2525565547724772 0.25748286484826133
0 0.960452486949593 0.40283274020263454 0.07909502610081436 0.33213291792283595
0 0.8937599815644222 0.317256919232484 0.2124800368711557 0.3096091435824043
0 0.7886788933779616 0.12124833122981434 0.22888348004530917 0.1820835343253578
0 0.9463355205430883 0.19216754967671648 0.10732895891382341 0.18314048458934323
0 0.48204365136305005 0.5386677707755865 0.14674854948956656 0.15413801460324308
0 0.6238628285320921 0.3276964385563822 0.22144324650314653 0.20420116123790133
