0 0.2796875 0.84609375 0.546875 0.3078125
1 0.11015625000000002 0.2125 0.18281249999999996 0.175
3 0.44140625 0.36171875 0.1609375 0.1390625
3 0.74765625 0.5890625 0.1859375 0.153125
3 0.90625 0.72265625 0.159375 0.1390625
3 0.75859375 0.12421875 0.1796875 0.1515625
3 0.921875 0.24921875 0.146875 0.1421875
3 0.74921875 0.3109375 0.1703125 0.175
3 0.08906249999999999 0.33203125 0.15937499999999993 0.1390625
3 0.946875 0.48046875 0.10625 0.2015625
3 0.61328125 0.2296875 0.2328125 0.228125
3 0.64296875 0.5125 0.1984375 0.1375
3 0.54140625 0.4359375 0.1796875 0.134375
3 0.49921875 0.14921875 0.1640625 0.1390625
3 0.284375 0.19765625 0.18437500000000004 0.1484375
3 0.6953125 0.7484375 0.065625 0.065625
