1 0.6763595640543107 0.7877372419870933 0.17471004268203472 0.18423017198856395
1 0.10632863698561404 0.47351213434668216 0.12562115525009093 0.1410913653732011
2 0.181696666240726 0.8125097845897217 0.16516557716552804 0.1663555933288443
2 0.8450192982992484 0.2805899011733738 0.2562275912594958 0.2871680115057161
3 0.9106298140367932 0.6095728539762619 0.14641447029158872 0.14522445412827267
3 0.48818666881958206 0.25868101998879506 0.1596415923510684 0.16440165700433307
3 0.7195410652008937 0.5642563363206423 0.12267808265833557 0.11910803416838711
0 0.5214050277265753 0.5897989893007198 0.137207828934156 0.14196789358742068
1 0.6210908432013063 0.6871276672684921 0.13990134920988495 0.12681117141340714
2 0.20401947532243725 0.427562662904135 0.13210994012181754 0.13210994012181754
1 0.0058262192400871105 0.3852013859452593 0.011652438480174221 0.09752646275571702
3 0.09656205047118538 0.29362046750769244 0.108486160541589 0.1108661928682213
3 0.1763022064102301 0.2964905314695161 0.10327566367622587 0.09613556669632883
1 0.38485470111684383 0.21547064613380418 0.14372095001585988 0.1603811763022862
1 0.9766172265477204 0.7640953164131417 0.04676554690455903 0.1469531743467346
2 0.8061443344857046 0.6216708003973683 0.14089048547712912 0.14327051780376154
3 0.9886619640504418 0.6462701067495489 0.022676071899116357 0.10177215956381314
1 0.7018094086929102 0.9299699511036561 0.10531787184378438 0.07913751625082888
3 0.28747735072911723 0.24473555507994776 0.10664483227010246 0.11021488076005093
3 0.03565364164256954 0.3410612749576637 0.06503386597712951 0.0745539952836588
