3 0.3070088481927894 0.10799782098321017 0.276823624368882 0.1981764247711803
3 0.26041511808449935 0.2170128492581739 0.17017936755662028 0.1630296221386474
3 0.5041991800847516 0.13692027396801199 0.10873657513054258 0.1015868297125696
1 0.4157380885163314 0.3578102286851286 0.2061238462609281 0.193254304508577
3 0.1604618285402114 0.534258964057969 0.1611029592119435 0.1768323991314839
1 0.7003210960649506 0.45172012441631715 0.09788398497349482 0.08644439230473827
1 0.7643904778480961 0.4832241485896977 0.14555409662960272 0.14984394388038635
1 0.6854196807716734 0.6364096563689492 0.18377147098939073 0.20379075815971492
3 0.4794014236223998 0.7514607436500118 0.12714533588007254 0.12571538679647798
3 0.9619640274867728 0.6711947996638401 0.07607194502645442 0.1251885767305021
3 0.8759564764255289 0.1641266114203652 0.13787754114565387 0.16933642098473461
3 0.03331719100368946 0.39915128474252615 0.06663438200737892 0.19883854167424492
