3 0.934136873173021 0.9206557248976293 0.09115489092491225 0.1297001910415463
1 0.8281059720868666 0.9271577400385923 0.12132275359982658 0.11398079167284858
3 0.8759622897550211 0.7949659359554184 0.14666987194408132 0.11546653375442528
3 0.8960714441779125 0.7022337348083104 0.1321071207854354 0.0990682921140349
3 0.907349452170809 0.6099621274923587 0.11639460625961895 0.09620421096042975
3 0.9336289118124717 0.5332853044283541 0.1327421763750566 0.10113235830063744
3 0.9456635605319184 0.4519660536552142 0.1086728789361634 0.10778859311304145
3 0.9571233275677796 0.36279054561916607 0.08575334486444075 0.10286044577283382
3 0.9666333162694675 0.2793500847332093 0.06673336746106506 0.08646220413244349
3 0.8038438990473065 0.07271144794666948 0.15573303650037473 0.10433930301152955
3 0.6590962660658748 0.03879274067024199 0.10688117513649065 0.06650038453811219
3 0.7904412385201528 0.15116317514476366 0.14609843268193656 0.1057176420835581
3 0.6380087800544562 0.1148375381244468 0.11398767651572972 0.08829080977130699
3 0.7717069807478495 0.23712829604847913 0.13405689911960894 0.09918257996646396
3 0.6236312303602156 0.19323212139632645 0.13038591815612 0.1028535609299529
3 0.6031186260323824 0.27615828694635286 0.14231316386601867 0.10743884471287357
3 0.7632359099823438 0.314890853710559 0.11410196436815856 0.09024058810548041
3 0.7388808929123781 0.3966135543886407 0.12224394126213922 0.09654707451771671
3 0.5697610307537784 0.3612662489568511 0.11639460625961895 0.09620421096042969
3 0.7069553382105767 0.47397954698865963 0.1299287667464042 0.0950544475932591
3 0.6888531060480731 0.56585114682111 0.12832185196951762 0.10078949474335042
1 0.6713794570739291 0.6469989658156063 0.12224394126213933 0.0965470745177166
1 0.6547664094144428 0.7301537070704907 0.11857296029865039 0.10021805548120566
1 0.6310434179542768 0.8177828866773071 0.1167374698169058 0.10205354596295002
3 0.5839265289054701 0.920670871821665 0.09402585692139831 0.11238076173884315
3 0.4969865188346679 0.9018794701231472 0.10205354596295002 0.11673746981690591
1 0.4170421647121162 0.8805634084068705 0.12268732298609325 0.1704100755114496
1 0.4713261414878168 0.7722260957434939 0.16433216480407137 0.11844490276045938
1 0.5006127483194306 0.689814225529398 0.14288460312816342 0.1171877363837408
3 0.513554815015428 0.6025313519013089 0.12637207363534414 0.10067520689092146
1 0.5291358295816132 0.5202943558872968 0.12040845078039486 0.09838256499946108
1 0.57040682604934 0.43369376695234096 0.15068371646485723 0.11764488779345661
3 0.42208735303281275 0.04802995305584548 0.13634954101106928 0.09605990611169096
3 0.4011175972952636 0.13421208358770448 0.11685175766933487 0.10400332429712356
1 0.38060499296743033 0.21713824913773086 0.12097989004253962 0.10813145667032836
1 0.35338245232241894 0.2977146288700824 0.1307287817134069 0.10870289593247323
3 0.32707765691827984 0.37932304169573516 0.14666987194408138 0.11546653375442534
3 0.3099503139228631 0.47125178545439994 0.1378421679355269 0.09746137733714844
1 0.27968881792416267 0.5536065117422815 0.14242745171844762 0.10938862304704705
1 0.2670896147854521 0.6350400503678503 0.14265602742330552 0.11328817971539396
1 0.24141684499111285 0.7225549421222379 0.13600667745378242 0.09929686781889291
1 0.230081693072002 0.8158014386052762 0.1293504426413783 0.11833749975091146
1 0.2001059167043739 0.8932817190577242 0.13130710581843275 0.0854198437748207
3 0.06000071143207736 0.8469180283140272 0.11628031840719 0.09425443262625632
3 0.08487346625941383 0.7730515848988537 0.12315824408157106 0.11214530119110411
1 0.09930815987986882 0.6936821124598873 0.15389754601863032 0.10617479349327386
1 0.13105884038158638 0.6026105275944398 0.14036338553184513 0.10732455686044451
3 0.1370623950555478 0.5168774248170227 0.13474262623418276 0.11088124997150456
1 0.1655455444987183 0.43148374317545213 0.11811580888893453 0.0924189421445118
3 0.1904148569046143 0.3409870399935899 0.12361539549128697 0.11994441452779797
1 0.20616730324944293 0.25582537647831766 0.12419371959631276 0.09666136237014566
1 0.24434220043726615 0.17197802326597855 0.14116340049884796 0.1209730051996587
3 0.2613552555802539 0.08199905784148723 0.14839107457339684 0.11168126493850733
