2 0.721875 0.8125 0.40625 0.346875
1 0.5390625 0.37734375 0.184375 0.1703125
1 0.49375 0.28359375 0.16875 0.1578125
1 0.759375 0.27578125 0.15 0.1265625
1 0.59296875 0.04609375 0.1546875 0.0921875
3 0.6484375 0.1203125 0.134375 0.10625
3 0.44140625 0.20390625 0.1515625 0.1453125
3 0.92578125 0.15859375 0.1484375 0.1171875
3 0.88671875 0.0703125 0.1796875 0.140625
1 0.07109375000000001 0.90625 0.14218750000000002 0.1875
1 0.05078125 0.76015625 0.1015625 0.1140625
0 0.08671875000000001 0.4484375 0.17343750000000002 0.259375
