1 0.40390625 0.709375 0.17656249999999996 0.096875
1 0.41640625 0.6203125 0.2078125 0.090625
1 0.20703125 0.49140625 0.1484375 0.1390625
1 0.6671875 0.5984375 0.11875 0.10625
1 0.18125000000000002 0.25 0.11250000000000004 0.13749999999999998
1 0.1640625 0.109375 0.140625 0.12812500000000004
3 0.75078125 0.5875 0.1390625 0.109375
3 0.8984375 0.14687500000000003 0.134375 0.14687499999999995
3 0.703125 0.17343749999999997 0.134375 0.13437500000000005
3 0.59453125 0.20703125 0.1171875 0.1171875
3 0.51015625 0.20859375 0.1359375 0.12031250000000004
0 0.5796875 0.8859375 0.23125 0.15
2 0.81796875 0.8546875 0.1453125 0.178125
3 0.9375 0.4046875 0.10625 0.15625
3 0.821875 0.3984375 0.15 0.125
3 0.48046875 0.07109375000000001 0.1234375 0.14218750000000002
3 0.2890625 0.07187500000000002 0.11562500000000009 0.13749999999999996
3 0.7640625 0.03203125000000001 0.10625 0.06406250000000002
1 0.4015625 0.215625 0.10937499999999996 0.16249999999999998
1 0.3796875 0.52578125 0.209375 0.1046875
