3 0.08043078654128707 0.2240463882809975 0.11456895679913952 0.17839519095839418
3 0.15283935643675978 0.29260910892379616 0.12573907376752014 0.1283985001908224
3 0.2284026264588587 0.338736287871027 0.1255215082415459 0.12685122145319694
3 0.2933403508156515 0.376268971054137 0.14471722961516725 0.14471722961516736
3 0.48916904883662243 0.4984770413181804 0.1301147043428105 0.14873068930592642
3 0.5940096720827135 0.5439873462830584 0.18617890978185497 0.1914977626284596
3 0.331225017319806 0.42104277422204966 0.13765785256076885 0.13765785256076887
3 0.3883540453091935 0.47483404417812886 0.15216309760990257 0.1760979354196232
3 0.4797670635725352 0.6943888870700552 0.13702947603865184 0.12240263071048929
3 0.5197563976334312 0.8420202462063463 0.14433073867483026 0.12039590086510969
3 0.5795698295900653 0.9483050665375913 0.15912650941735543 0.10338986692481722
2 0.37293515794966126 0.898691138064257 0.15124419539439424 0.19113559174392858
1 0.2680912472628765 0.6007210107448998 0.13782677797513168 0.16043190257320097
3 0.20137651861458128 0.5589937824287651 0.10632578686792452 0.10898521329122693
3 0.14814000752506298 0.5167949429769731 0.11048385191724068 0.12777012366870535
3 0.0943595826206092 0.4784643003692448 0.13961594229453694 0.15158336119939717
3 0.05904352123392104 0.43136957909489404 0.11808704246784207 0.1598035260510839
3 0.14098729517627412 0.7808715158915456 0.1263917703454427 0.1330403364036985
3 0.0788094489427 0.7230066435933317 0.1576188978854 0.1712142136249671
1 0.054439480081031055 0.6759240823468837 0.10887896016206211 0.18782346874270334
2 0.2676472436237189 0.8507511322299539 0.12967957329086208 0.14563613183067564
3 0.5218827552934231 0.753958460980493 0.12822957477645963 0.10296502375508805
