1 0.31640625 0.859375 0.1421874999999999 0.1375
1 0.23671875 0.64921875 0.12031250000000004 0.1390625
1 0.14140625 0.41328125 0.13906249999999998 0.1203125
1 0.1875 0.4921875 0.11874999999999991 0.103125
1 0.19453125 0.26484375 0.11406250000000004 0.12968750000000004
1 0.046875 0.1515625 0.09375 0.13750000000000004
1 0.13359375 0.10312499999999995 0.13906249999999998 0.11562499999999998
1 0.38828125 0.3328125 0.1515625 0.12812499999999996
0 0.29921875 0.06718750000000001 0.2359375 0.13437500000000002
0 0.70546875 0.81328125 0.1171875 0.1265625
0 0.578125 0.65703125 0.234375 0.2078125
0 0.58125 0.77734375 0.1625 0.1328125
0 0.7625 0.77421875 0.1 0.1171875
0 0.7125 0.65703125 0.096875 0.1015625
0 0.48984375 0.28359375 0.1171875 0.12968749999999996
0 0.4515625 0.38515625 0.246875 0.1484375
0 0.49375 0.5109375 0.234375 0.24999999999999994
0 0.73984375 0.2046875 0.1171875 0.10937499999999997
0 0.69375 0.39609375 0.125 0.12656250000000005
0 0.77109375 0.28671875 0.1515625 0.09218749999999995
0 0.3125 0.05703124999999998 0.2625 0.11406249999999996
0 0.575 0.09140625000000002 0.165625 0.18281250000000004
0 0.87578125 0.56640625 0.1484375 0.0984375
1 0.8359375 0.92265625 0.153125 0.1546875
1 0.9015625 0.8625 0.10625 0.10625
2 0.7640625 0.4453125 0.284375 0.16875
0 0.93125 0.18671875 0.1375 0.2671875
2 0.9359375 0.69140625 0.128125 0.1703125
3 0.07656250000000003 0.29296875 0.08750000000000002 0.09531249999999991
