1 0.529690880680805 0.5039823530903824 0.1721085329219929 0.1522303170984377
1 0.42939628806605235 0.4066324015556085 0.1671622023226469 0.17327857642220235
3 0.7806734263796538 0.7164264509743123 0.10815276147516928 0.13567644492316877
3 0.8275172182847339 0.5137360475545422 0.11498723562408353 0.09663811332541733
1 0.1703944606097302 0.7875274328580233 0.11844428416689984 0.10468244244290004
3 0.11315372890674383 0.6615836564506623 0.12307137620992542 0.12765865678459198
3 0.5330870918069102 0.8967850056003095 0.12577051323502358 0.14106144848391222
3 0.6978764043102299 0.8147864533264111 0.1292142912883868 0.13991794596260887
3 0.15875448961962313 0.388415610746748 0.14297613301238654 0.12615610423860907
1 0.25891675074457 0.24272707021981013 0.1261693747280621 0.1521639646511727
3 0.44049291579803473 0.1105279529783613 0.11194231906375884 0.10888413201398112
1 0.9609743481568553 0.425840457661787 0.07805130368628932 0.11726097017723741
3 0.8990661222076382 0.16660677004476154 0.10355221041104967 0.13107589385904916
3 0.8534266702405726 0.020923153813531437 0.11694173162091703 0.04184630762706287
3 0.6141095162965645 0.6164835263300641 0.10695617699605386 0.10236889642138725
1 0.39982409498087595 0.7791778824831215 0.13530412440903627 0.11542590858548107
3 0.9549438588340202 0.856744005239408 0.09011228233195956 0.12881542979534844
3 0.9072018511323953 0.8104856084891567 0.07666700407569116 0.07055062997613559
3 0.05634481759030649 0.1326920536303507 0.11268963518061298 0.11771291362808789
