2 0.8544921875 0.306640625 0.291015625 0.36328125
2 0.2998046875 0.4013671875 0.251953125 0.220703125
2 0.365234375 0.2412109375 0.21875 0.189453125
2 0.2373046875 0.203125 0.185546875 0.28125
2 0.1484375 0.728515625 0.265625 0.2734375
2 0.5341796875 0.7333984375 0.298828125 0.212890625
2 0.4404296875 0.8056640625 0.150390625 0.134765625
2 0.439453125 0.919921875 0.25 0.15625
2 0.705078125 0.5458984375 0.41796875 0.158203125
2 0.814453125 0.841796875 0.3203125 0.16796875
2 0.86328125 0.955078125 0.171875 0.0859375
3 0.732421875 0.9287109375 0.10546875 0.095703125
3 0.62109375 0.896484375 0.09765625 0.109375
