1 0.8017578125 0.9189453125 0.142578125 0.158203125
3 0.6513671875 0.859375 0.076171875 0.08984375
1 0.703125 0.732421875 0.05859375 0.05859375
1 0.806640625 0.677734375 0.12890625 0.10546875
3 0.908203125 0.6357421875 0.12890625 0.099609375
3 0.859375 0.46875 0.1015625 0.109375
3 0.6953125 0.5224609375 0.06640625 0.068359375
1 0.6435546875 0.6298828125 0.099609375 0.107421875
1 0.494140625 0.5947265625 0.11328125 0.111328125
1 0.4951171875 0.7109375 0.111328125 0.1171875
1 0.3447265625 0.658203125 0.076171875 0.07421875
3 0.4267578125 0.7890625 0.115234375 0.109375
2 0.287109375 0.89453125 0.27734375 0.20703125
2 0.2021484375 0.4541015625 0.189453125 0.201171875
0 0.244140625 0.322265625 0.12109375 0.1328125
2 0.3583984375 0.2978515625 0.091796875 0.080078125
0 0.3486328125 0.208984375 0.111328125 0.09375
0 0.5244140625 0.2001953125 0.123046875 0.115234375
1 0.62890625 0.0615234375 0.12109375 0.123046875
1 0.75390625 0.0361328125 0.1015625 0.072265625
1 0.8662109375 0.0400390625 0.123046875 0.080078125
3 0.185546875 0.091796875 0.078125 0.08203125
3 0.1083984375 0.2314453125 0.091796875 0.091796875
3 0.0390625 0.115234375 0.078125 0.12890625
