0 0.75 0.2919921875 0.3515625 0.298828125
3 0.4482421875 0.4267578125 0.119140625 0.150390625
2 0.291015625 0.5078125 0.16015625 0.1796875
2 0.17578125 0.63671875 0.171875 0.1796875
0 0.0888671875 0.6904296875 0.138671875 0.193359375
0 0.9326171875 0.5947265625 0.095703125 0.173828125
0 0.6796875 0.6025390625 0.26953125 0.236328125
0 0.3330078125 0.8154296875 0.361328125 0.349609375
1 0.6953125 0.91796875 0.09375 0.08203125
0 0.8740234375 0.8095703125 0.123046875 0.142578125
2 0.50390625 0.0458984375 0.11328125 0.087890625
