1 0.8034333207336711 0.325101879138062 0.09555398162433733 0.11122422648937524
1 0.6596402536430966 0.34097319235556467 0.12443776961216697 0.15186069812598335
1 0.5520001772693255 0.5552136309304254 0.16411057106992288 0.1549695948986507
1 0.6231019393008996 0.44226386427476605 0.15437881669116926 0.1700490615562072
1 0.3773455329863896 0.2636002605760062 0.20120237346164238 0.21948432580418667
1 0.5190928123030033 0.0864948295043379 0.2154424672641369 0.1729896590086758
1 0.7379556514882386 0.16208877986898254 0.1814493255079282 0.15010883577785222
1 0.8597722093246982 0.14723816742364887 0.07750015165506027 0.11145234886264258
1 0.5334608578199551 0.30195258592822966 0.1591357507624907 0.1813352643212945
3 0.21246796905634574 0.9686398348805465 0.1439012783696742 0.06272033023890718
3 0.5199943290158495 0.9316899445811988 0.12632416542124494 0.12501831168249175
3 0.21574942128687474 0.7889314687906172 0.17921051000179256 0.1844339249568055
3 0.12245472744298624 0.706890805622435 0.20489181230463446 0.233620594557204
3 0.09936685586020422 0.2654018399320092 0.18741852440568238 0.2083121842257331
1 0.22591329374718266 0.44507517642682587 0.2120528037545081 0.2995450042509703
1 0.875702016813429 0.0507095476443473 0.11657193876817828 0.10090169390314015
2 0.29228956195786066 0.2656621343946574 0.11184571310832644 0.14840961779341522
0 0.34300801215341326 0.6096068976021909 0.13025196277466106 0.14069879268468632
0 0.3814363766953556 0.7254125801533144 0.10695424557605823 0.10695424557605815
0 0.46278243660657914 0.668588202082194 0.10695424557605823 0.10695424557605815
