1 0.6554172688088713 0.516110091743719 0.15912090852530483 0.17168693418052924
1 0.27937728553811514 0.8968364679771689 0.11114426942737947 0.09606503864110998
1 0.6307129413874829 0.13704273048622517 0.12585402452902708 0.15224267840499842
3 0.2204720971513907 0.7916399300416241 0.14107921010939953 0.1461056203714893
1 0.5765899195930665 0.8283027046147391 0.18524044904563225 0.16010839773518343
3 0.8052037326642314 0.6841367579553859 0.14428799486211652 0.1392615846000269
3 0.9261956932463399 0.4361323486137653 0.14760861350732046 0.13172196920689214
1 0.9489616045786242 0.6385376569519063 0.10207679084275174 0.1891448134200214
3 0.8018434413235255 0.13916714204067215 0.10836195094069065 0.1133883612027804
3 0.5599338286266199 0.2539933653106995 0.11074059939391372 0.11828021478704835
1 0.29237673414054066 0.4719749801163804 0.10443479033373881 0.0918687646785143
1 0.40337393841503955 0.41439367263408944 0.1303080137309852 0.1277948085999403
1 0.42976148193223374 0.2674248319730391 0.16764801312831792 0.17770083365249761
1 0.5402305999886944 0.6856373096621802 0.09172280988441113 0.0954926175809784
