3 0.3359375 0.5734375 0.175 0.196875
1 0.6 0.5546875 0.134375 0.115625
3 0.39453125 0.69765625 0.0890625 0.1078125
3 0.484375 0.7484375 0.13125 0.153125
3 0.53203125 0.8375 0.0859375 0.10625
3 0.609375 0.890625 0.15625 0.1375
1 0.4734375 0.43828125 0.153125 0.1390625
2 0.11875 0.77734375 0.234375 0.2671875
3 0.24687499999999996 0.87890625 0.1875 0.1984375
3 0.10781249999999998 0.4125 0.14375000000000004 0.13125
1 0.25625 0.32109375 0.14375000000000004 0.1453125
3 0.703125 0.2984375 0.1625 0.15
1 0.78359375 0.38046875 0.1578125 0.1484375
3 0.83515625 0.4859375 0.1453125 0.121875
3 0.88984375 0.5546875 0.1171875 0.1125
3 0.65078125 0.625 0.1203125 0.121875
3 0.7125 0.68515625 0.125 0.1140625
3 0.77265625 0.7765625 0.1578125 0.165625
3 0.85703125 0.8828125 0.2015625 0.234375
3 0.3359375 0.25234375 0.125 0.1609375
3 0.41015625 0.2109375 0.1296875 0.11875
3 0.30781250000000004 0.0578125 0.109375 0.115625
1 0.25390625 0.06328125 0.0828125 0.0953125
3 0.21640625 0.09375 0.08281249999999996 0.1
3 0.19140625 0.1296875 0.0859375 0.09375
3 0.15234375 0.16796875 0.07656250000000009 0.0984375
1 0.09062500000000001 0.20703125 0.13124999999999998 0.1359375
3 0.5015625 0.1578125 0.096875 0.096875
3 0.58828125 0.0796875 0.1078125 0.121875
3 0.859375 0.2078125 0.10625 0.15625
3 0.93984375 0.62890625 0.1203125 0.1296875
3 0.96953125 0.7 0.0609375 0.11875
3 0.05859375 0.4921875 0.1171875 0.1625
3 0.04765625000000001 0.08984375 0.09531250000000002 0.1796875
3 0.6671875 0.05625 0.175 0.1125
3 0.95234375 0.2578125 0.0953125 0.128125
3 0.66796875 0.94375 0.1765625 0.1125
