1 0.8062840764117205 0.5379111714331258 0.20934209995058958 0.18623093460635812
1 0.6149040509138058 0.4389559145153273 0.1885320916869075 0.17948859220438207
1 0.559027158484338 0.23861205863814255 0.21355153841091265 0.21154187185924025
0 0.42246667628227197 0.12366529092645435 0.2542319025070429 0.2473305818529087
1 0.08489156491544006 0.4759953655889079 0.1551173073827336 0.14205447479686367
1 0.3039877885070996 0.5109481669573036 0.13426565761492643 0.1392898239941071
1 0.8739691191264705 0.7442840269653275 0.21572777097908596 0.19362143891069064
1 0.6289554378836972 0.7357954599785033 0.17703897127097967 0.18507763747766912
1 0.26318432317042684 0.7500070804714861 0.17113489612833868 0.17917356233502799
1 0.17961659525952484 0.9306627100851339 0.15162121166936987 0.13867457982973228
1 0.25134812432309156 0.9755678962168212 0.22284488691818966 0.0488642075663579
1 0.27794089712203407 0.9045450207014609 0.11077428155673812 0.10374044862588505
1 0.132684535729098 0.8440259958786026 0.11843817422629965 0.13150100681216959
1 0.21332920258598537 0.8318584556314266 0.14322587408920118 0.13820170771002038
3 0.9876168444450307 0.7221577694614505 0.0247663111099385 0.12157759856618418
