0 0.7134458668786811 0.9272984691150533 0.32016653523103555 0.14540306176989332
0 0.7662638172391747 0.7062208562277003 0.43872866879697786 0.3998496018579557
1 0.897651979908295 0.46621995631181923 0.1565482625145364 0.15099411009467617
1 0.9710980846741354 0.25451917088462106 0.05780383065172927 0.17880631389106139
1 0.9370673669691317 0.24324242825453446 0.12586526606173631 0.17027791361626862
1 0.25501776558504463 0.08202153780353899 0.14273038601457405 0.15717118230621085
1 0.19274836643808288 0.6991240536742319 0.13233322636475794 0.1656581408839198
1 0.06220813283080595 0.47538657289157465 0.1244162656616119 0.16676897136789198
3 0.4226348327453489 0.7526792120772351 0.1510355517917597 0.18324963582694948
3 0.4830601587032811 0.5884533984135403 0.15854134698081052 0.20630705779160935
3 0.40588884492389044 0.5502547189754651 0.178266277493554 0.21714534443257633
3 0.3312299311597393 0.5361567874363332 0.19368289516978612 0.2170103353331994
3 0.23735471842368416 0.5000033181697418 0.16933819192469393 0.19933061499193966
3 0.1613851315285272 0.4847504434475228 0.19821444250390458 0.21820939121540173
1 0.2730496580203245 0.7163312421676731 0.1781366103982403 0.18480159330207266
1 0.10467126146803682 0.6685454576760426 0.16258498362263146 0.20035322007768164
3 0.4703992492207272 0.3644819991251499 0.14321829670687167 0.1643240759023409
1 0.6523255040742237 0.39160847341652505 0.1333558314504999 0.1589049325818574
3 0.4304140466340856 0.11550153510290935 0.15881136517956423 0.1754738224391451
3 0.8713082030251555 0.2450931377830475 0.1738229555576659 0.22158866636846467
3 0.7778767882822828 0.20420827853530393 0.17275890877484024 0.201640501358114
3 0.5989247812837186 0.15362469698520154 0.10834142471258659 0.17054793181502223
3 0.20070467829099026 0.2842308094137966 0.14636899535826445 0.19746719762097947
3 0.12111453189865325 0.27044433777050203 0.18151054354724006 0.2081704751625697
