2 0.5951837933502518 0.30503754724702353 0.3211147765806759 0.3864536964863349
0 0.7930556266064187 0.22918265837133084 0.21131430984759197 0.23091598581928974
2 0.8218156946326278 0.09881496887853385 0.1086007896633884 0.10097791567439485
2 0.8291449142242634 0.02639631705315748 0.11786570020912386 0.05279263410631496
0 0.866809202719135 0.4868125365904746 0.17080058576323331 0.15991076577895677
0 0.7488543215360007 0.514603091647637 0.15423611248419472 0.15532509448262247
2 0.537059642182942 0.5870166387610571 0.14997375244355124 0.14997375244355116
2 0.40701944052587946 0.5184448166975044 0.12228971587761275 0.13535749985874457
2 0.41405939269921344 0.4062495932030986 0.11911633783539681 0.1289171758212456
1 0.41307317340999133 0.8653417723283955 0.14283584533809357 0.17441632329249526
3 0.8798220599626582 0.7182941067082101 0.16007242140680206 0.17640715138321666
