2 0.46953125 0.51171875 0.1109375 0.0796875
1 0.41640625 0.69375 0.10781249999999995 0.10625
3 0.35859375 0.8375 0.11718749999999996 0.128125
3 0.13125 0.83203125 0.15625000000000003 0.1359375
3 0.14921874999999996 0.68984375 0.1328125 0.1015625
3 0.03125 0.2953125 0.0625 0.13749999999999996
3 0.08203125 0.25234375 0.1640625 0.15156250000000004
3 0.15234375 0.20156250000000003 0.11406249999999998 0.10312500000000002
1 0.23671875 0.1359375 0.16093749999999996 0.14374999999999993
3 0.3078125 0.05781249999999999 0.1625 0.11562499999999998
2 0.35546875 0.41171875 0.1765625 0.09843749999999996
0 0.26484375 0.52578125 0.12031249999999996 0.1109375
