1 0.7336006886227349 0.7485353689178044 0.15460362267928432 0.1770090853428689
1 0.1842110507393305 0.34379025308049815 0.10767883247483283 0.12308258805604715
1 0.5170337194209719 0.7631300824560213 0.15927798102724963 0.1620786638601978
1 0.3905752877246614 0.7953147518427743 0.12739879176681318 0.16660835142808583
1 0.2927894485275462 0.8075807237397917 0.113115866481496 0.13132030489565824
1 0.6465168847463343 0.47137868910489295 0.1748264073885414 0.1636236760567491
1 0.595654442846876 0.31166038761082754 0.1357418576281905 0.2505698537790604
1 0.48855429349235246 0.3465537435613342 0.12085075790383053 0.19366851156047993
1 0.5205170414892004 0.49104736679278516 0.11280686404218576 0.12821061962339994
1 0.43976213589946733 0.5136417372145469 0.1486932545740781 0.17950076573650672
1 0.6827606934160217 0.873024606516909 0.11003567252797097 0.08482952703143862
1 0.8967791289928794 0.5127337343683811 0.17557925260766166 0.20218573952066787
1 0.19532039289513356 0.2082871919077785 0.12912779650175296 0.13752984500059717
3 0.3895127836588405 0.3398526013854914 0.09600276704449748 0.1450147166210883
3 0.30850646536046905 0.33337338059955346 0.12833562952432165 0.16054348210322428
1 0.28532145197262093 0.5508968484379808 0.28405025205992557 0.3022546904740878
1 0.06522653191606315 0.8247591139408408 0.1304530638321263 0.13206331967520057
