1 0.21247287617842084 0.4364312161031172 0.11878261184349576 0.12012639482899817
1 0.04330686570279341 0.8391655267322695 0.08661373140558681 0.10483799775782832
3 0.29120989022667915 0.7055753399494143 0.08151483819505978 0.08017105520955736
3 0.37736063558384425 0.7382211741464529 0.0906190399907772 0.10002552088929373
3 0.48225450418450355 0.733557331562932 0.08255634207776302 0.10808821880230801
3 0.5713322399172875 0.7416524434863297 0.10563309338056348 0.11638335726458249
3 0.46459729322222165 0.9204334247235575 0.0866156264556856 0.0798967115281739
3 0.6680751257517181 0.7691905055673884 0.09569189282998758 0.12391133552553724
3 0.677957950193077 0.5882242640008317 0.14908506230445195 0.14774127931894954
3 0.5967009827023073 0.48488118877990544 0.10054627283064532 0.10457762178715246
3 0.5736077584224131 0.32701963393756484 0.09706361123690543 0.0984073942224078
3 0.5458671645360917 0.21758763214975452 0.11423051094563702 0.11019916198912993
3 0.4049425741196083 0.41303571272042394 0.1276404053792452 0.12092149045173334
3 0.41419343687775734 0.5446191822029616 0.10936216323427145 0.1416129548863282
3 0.34526045153938323 0.28740399796407845 0.10242477546820705 0.10511234143921189
3 0.4769995391622885 0.16346222175073985 0.11503957427908007 0.10697687636606584
3 0.41105192030875015 0.07767661019455882 0.14425861772520965 0.14291483473970729
1 0.33318234570315186 0.03530451722157829 0.12495283940824048 0.07060903444315658
3 0.1293349007837034 0.19344895734199288 0.12306036905997086 0.13515441592949223
3 0.272363450531655 0.0007243095441469838 0.11451882233772842 0.0014486190882939676
3 0.8250837408059103 0.9608616550944055 0.11048747338122133 0.07827668981118907
3 0.8432547198541899 0.7601650995031458 0.12251168169720361 0.14535599245074393
3 0.09327427022388168 0.626894728687791 0.09998361775717046 0.1268592774672177
3 0.2138610675624324 0.6206057755820302 0.07882727222405506 0.08285862118056209
