2 0.09361732348682086 0.5029695698216915 0.18723464697364173 0.26202532815372254
3 0.3152471267871704 0.10945032353130874 0.13195823199863427 0.1637479208028041
1 0.23149376659514315 0.1604716929514016 0.12413714394594766 0.15460226238327707
3 0.15817481660293822 0.18807929104379606 0.13273317708659388 0.16054915479024245
3 0.2710837268723836 0.4134607566361282 0.1402299596694786 0.16274765590576556
1 0.5315545711330657 0.06107156798341182 0.1789394572900196 0.12214313596682363
3 0.6657490610246639 0.014722013433805553 0.1518541359888732 0.029444026867611106
3 0.33604563777683744 0.3608263299659382 0.12371385281542269 0.13563498611698638
1 0.4265566540503349 0.3363185122253822 0.09462800172019925 0.10654913502176289
3 0.4965283595388936 0.29035643021975577 0.13680587384783816 0.16859556265200792
3 0.5727849371480361 0.24153356191518605 0.11754164059937833 0.1321119146346228
3 0.6529520587835219 0.19563464698373748 0.14177984984539793 0.15635012388064246
1 0.7335919643798943 0.17911007003076915 0.12468676922482846 0.15647645802899818
1 0.8093484095405175 0.13552231611938315 0.12491208903390727 0.15140349637071537
1 0.8760581819423366 0.10272909646416648 0.09095124760184725 0.14658320300914424
1 0.8967987300027298 0.2879723042634902 0.13870741798119202 0.14003198834803254
3 0.7996153690646689 0.31748991658815096 0.13680587384783816 0.16859556265200792
3 0.7196735672382619 0.3572166193035552 0.13525598367191893 0.17499309467713114
1 0.660446903175511 0.40511606402908074 0.13176026067718816 0.13970768287823065
3 0.5734452841405606 0.4520015696137514 0.12028976699378224 0.14148289286322874
1 0.501112924801578 0.4864436651056104 0.1269126188279842 0.1348600410290267
1 0.4131247151134055 0.5264946732908165 0.13240887161679205 0.15360199748623848
3 0.34381529480826695 0.5712448448341421 0.10454860522768594 0.11117145706188791
3 0.9109913243094878 0.5070005265161567 0.17801735138102437 0.17416345261390598
3 0.9609407916594519 0.5895556504896993 0.07811841668109631 0.12691261882798432
3 0.9813042754656732 0.6683350346841668 0.03739144906865355 0.1345357355592247
3 0.9675037423734844 0.8393817667484095 0.06499251525303129 0.09724979396624733
3 0.9380440929780975 0.797248183306228 0.12391181404380491 0.15477288521709043
1 0.900804383308005 0.7284747140361538 0.1624233504359638 0.13328280236547474
3 0.7903140898182577 0.5807460335928949 0.131886594825544 0.12261460225766108
3 0.8381366932257889 0.6674728399884049 0.13508536083810552 0.12183965716970147
3 0.718425227761633 0.8908518375957644 0.1706677296191752 0.1613957370512925
2 0.667890316546243 0.8191680891963855 0.182786834242185 0.1735148416743022
1 0.615522232416581 0.6961197875183913 0.13625624856895735 0.16672136700628692
3 0.5259346397221277 0.7376575188053389 0.11896519662694177 0.1428074632300692
3 0.46136020136165373 0.7881429371903673 0.14640217188552296 0.16627072738812898
3 0.356935992091428 0.9144290894214766 0.148078396209798 0.14278011474243646
2 0.45469959275001093 0.962454863248826 0.1583506536747194 0.07509027350234798
