3 0.0869140625 0.5126953125 0.099609375 0.150390625
3 0.1689453125 0.515625 0.083984375 0.16796875
3 0.2529296875 0.5107421875 0.099609375 0.177734375
3 0.337890625 0.4970703125 0.08203125 0.169921875
3 0.4189453125 0.4892578125 0.076171875 0.205078125
3 0.5244140625 0.45703125 0.126953125 0.1953125
3 0.671875 0.3935546875 0.1640625 0.123046875
3 0.6455078125 0.4970703125 0.076171875 0.107421875
3 0.4013671875 0.287109375 0.138671875 0.17578125
3 0.08984375 0.349609375 0.0859375 0.1171875
3 0.662109375 0.2939453125 0.17578125 0.083984375
3 0.701171875 0.1708984375 0.109375 0.150390625
3 0.6044921875 0.1826171875 0.064453125 0.099609375
3 0.9189453125 0.3388671875 0.162109375 0.103515625
3 0.892578125 0.474609375 0.09375 0.16796875
3 0.9091796875 0.2060546875 0.162109375 0.087890625
