1 0.2421875 0.78125 0.17500000000000002 0.096875
1 0.08124999999999999 0.8140625 0.12812499999999993 0.153125
1 0.5015625 0.75625 0.16875 0.21875
1 0.3921875 0.36640625 0.13749999999999996 0.1515625
1 0.2234375 0.64375 0.165625 0.121875
1 0.51953125 0.159375 0.1578125 0.196875
1 0.7328125 0.8484375 0.103125 0.09375
3 0.55078125 0.903125 0.1265625 0.1625
3 0.80234375 0.3015625 0.2421875 0.234375
3 0.8640625 0.62265625 0.103125 0.1078125
3 0.9234375 0.7171875 0.125 0.121875
3 0.6375 0.6859375 0.096875 0.075
