1 0.0498046875 0.6005859375 0.095703125 0.189453125
1 0.224609375 0.55859375 0.13671875 0.13671875
3 0.21484375 0.7216796875 0.125 0.107421875
3 0.375 0.609375 0.12109375 0.125
3 0.421875 0.4912109375 0.1171875 0.099609375
3 0.4609375 0.2236328125 0.08984375 0.134765625
3 0.693359375 0.1328125 0.0625 0.09375
3 0.62109375 0.6572265625 0.05859375 0.052734375
3 0.5576171875 0.6806640625 0.072265625 0.072265625
1 0.4833984375 0.73828125 0.068359375 0.0546875
1 0.873046875 0.7509765625 0.0546875 0.052734375
1 0.9619140625 0.6064453125 0.072265625 0.076171875
3 0.69921875 0.7822265625 0.1015625 0.115234375
3 0.7353515625 0.92578125 0.087890625 0.06640625
3 0.0458984375 0.943359375 0.080078125 0.109375
3 0.1494140625 0.9501953125 0.123046875 0.095703125
3 0.3486328125 0.0341796875 0.087890625 0.064453125
