1 0.801369528828063 0.5397948948541306 0.253147269411816 0.22592340991230492
3 0.6265490654854163 0.574227780150405 0.1567628086738566 0.19883604608219174
3 0.5468756147216602 0.5729220841566375 0.1295771679617771 0.19144957591521106
1 0.4783091683422547 0.5833612260204706 0.1369909372626374 0.1939135525797966
3 0.5355256480457815 0.8360235371087619 0.1777885077244724 0.18768809299702183
0 0.2069218231944216 0.5130200216743349 0.26856350304580323 0.2574264696141851
2 0.12436400611025142 0.32950739217093994 0.24872801222050284 0.23642806969744895
3 0.09602281464074183 0.19514101333301173 0.19204562928148367 0.172816875781094
3 0.7884750831695742 0.10466133178734588 0.18834776577737544 0.14008728757369704
3 0.7755637749009916 0.053377261680467636 0.18587832928601422 0.10675452336093527
1 0.75863212507213 0.02156074506873837 0.18526779494664358 0.04312149013747674
1 0.5238472943690234 0.0758146402172154 0.1790587148441965 0.1516292804344308
3 0.5398385734683377 0.14921990203760438 0.17167224467721576 0.12959900726888074
1 0.5493537240829514 0.21500618492918733 0.17352022717565507 0.13515933424452597
3 0.7401163280839292 0.3121431355026907 0.19567417784982122 0.22166058919026344
3 0.6051448747334063 0.33333214622681795 0.18269462174653983 0.22229296283673755
1 0.5134213189423644 0.3391185728838977 0.12280669196094285 0.16611737752834654
3 0.45134738052798745 0.34122541402442685 0.12959900726888074 0.17167224467721587
3 0.38772799687146875 0.3448749704937099 0.12959354744210488 0.17661657748671467
3 0.3414401109225437 0.9534723818086174 0.23464014529354482 0.09305523638276525
