3 0.79609375 0.85390625 0.1546875 0.1703125
3 0.5546875 0.553125 0.146875 0.134375
3 0.43984375 0.65703125 0.18281250000000004 0.1265625
3 0.29375 0.63203125 0.15 0.1390625
3 0.16562499999999997 0.65078125 0.13437500000000005 0.1515625
3 0.390625 0.34609375 0.175 0.18593749999999995
3 0.80234375 0.33046875 0.1859375 0.1484375
3 0.7015625 0.18828125 0.1625 0.16093750000000007
3 0.56015625 0.07343749999999999 0.1203125 0.12187500000000007
3 0.20156250000000003 0.07578125000000002 0.13437500000000002 0.15156250000000004
