1 0.41171875 0.59765625 0.1484375 0.1390625
3 0.22109375 0.34609375 0.12343749999999995 0.1734375
1 0.409375 0.3390625 0.15 0.096875
3 0.40078125 0.41875 0.1421875 0.1
3 0.40625 0.24921875 0.19375000000000003 0.0953125
3 0.42421875 0.15625 0.1578125 0.1
3 0.434375 0.065625 0.153125 0.109375
1 0.2265625 0.59140625 0.11874999999999991 0.1734375
3 0.86875 0.63046875 0.128125 0.1265625
3 0.81953125 0.91796875 0.1015625 0.1390625
3 0.8921875 0.29375 0.13125 0.10625
3 0.86015625 0.48984375 0.1234375 0.1203125
3 0.9296875 0.93359375 0.121875 0.1234375
3 0.9578125 0.59453125 0.084375 0.1171875
3 0.946875 0.6984375 0.10625 0.121875
3 0.05625000000000002 0.39921875 0.11250000000000004 0.1390625
1 0.05625000000000002 0.55859375 0.11250000000000004 0.1546875
3 0.22734374999999996 0.04609375 0.1484375 0.0828125
3 0.246875 0.196875 0.09999999999999998 0.0875
3 0.2265625 0.81328125 0.1499999999999999 0.0984375
3 0.20234375 0.92421875 0.16093750000000004 0.1390625
