2 0.5686950166533915 0.692841211799346 0.4757964333242558 0.46309832681234075
3 0.5734918663982815 0.36363234270506206 0.20483263506966704 0.1889600019297733
1 0.6339396819427771 0.4571424110665018 0.013932028205107283 0.005466623863830655
3 0.6316014289856142 0.3986370497765242 0.13640789519310798 0.13323336856512932
3 0.7173542557031566 0.4254846479980346 0.17670421970576075 0.1724715175351224
3 0.8371455555281772 0.5331896240624883 0.17185492655247253 0.1559822934125788
3 0.9755999773562672 0.38182917397215926 0.04880004528746547 0.16171549541377903
3 0.7274885087466019 0.19719418565564614 0.16030360838637617 0.15395455513041864
1 0.5571277943376043 0.10164017970684858 0.28286956763332105 0.20328035941369715
3 0.37650249672804675 0.2885989988501559 0.18913722753609127 0.17749729656683585
2 0.21777505573727102 0.016466295121409985 0.1780274939300046 0.03293259024281997
