3 0.11640625 0.58359375 0.13906249999999998 0.1640625
3 0.37109375 0.3421875 0.1921875 0.1875
3 0.34765625 0.80703125 0.1765625 0.1671875
3 0.53203125 0.67578125 0.1390625 0.1453125
3 0.4828125 0.9546875 0.075 0.06875
3 0.53125 0.91640625 0.065625 0.0703125
3 0.696875 0.59296875 0.19375 0.1796875
3 0.05390624999999999 0.28125 0.10781249999999998 0.265625
3 0.215625 0.10390625 0.13750000000000007 0.1640625
2 0.9265625 0.27890625 0.146875 0.2109375
2 0.84140625 0.1046875 0.1828125 0.1875
2 0.575 0.06953125 0.2 0.1390625
2 0.63359375 0.1578125 0.1359375 0.103125
