3 0.9505285408750975 0.24683524234579962 0.09894291824980495 0.178006924808635
3 0.9175344591601978 0.4077612691592801 0.16493108167960435 0.22922619955515383
3 0.885919386033422 0.5992622847068678 0.1603481554834998 0.1274703155363165
3 0.9023468583835168 0.6837167588105657 0.10861459210663149 0.09765531212423684
3 0.8636137028375457 0.7774101120629611 0.18399627438078303 0.17577681439398718
3 0.8676163491620246 0.8888418440130185 0.10296199622218472 0.09611244623318815
3 0.8385613310719727 0.9573053500656655 0.11992894197432213 0.08538929986866894
2 0.5184044935070156 0.9417627389121611 0.2511356014211453 0.11647452217567777
2 0.5906139660524451 0.9063111662885305 0.28866493428846846 0.18737766742293904
2 0.624907506491415 0.7729928682110025 0.28386795977147156 0.24140074983969306
2 0.6183471541633843 0.6041749769996301 0.28472816018832003 0.2573299602323339
2 0.6707112479383187 0.4494158347009458 0.13414233058266478 0.12729278059366828
2 0.6719562820615551 0.22604037169518107 0.22186693998520646 0.25063504993899194
2 0.5539957271373073 0.32442819484505325 0.20660665791856975 0.18194827795818225
2 0.45213962802364893 0.412027404381081 0.21431640832441468 0.19102793836182647
2 0.27235964331323176 0.8296208076830384 0.2451691470959908 0.28489653703217077
2 0.15165973287686343 0.7547350978416414 0.30331946575372687 0.3739818983337142
0 0.11432396162508388 0.7051268507352011 0.22864792325016775 0.4248552612937342
1 0.364829616148587 0.1533458503485427 0.14682201139875617 0.14819192139655546
3 0.27299756627734684 0.2264722374363537 0.1742339485029385 0.17834367849633637
3 0.17473690852673687 0.32315110737602576 0.15487309454170134 0.1521332745461027
1 0.27149133278148785 0.07225708808063788 0.17149412850733986 0.14451417616127576
3 0.18953785055580863 0.03182184789856468 0.15864149179799902 0.06364369579712936
3 0.1805990926996227 0.1384904837186373 0.13226271100391462 0.1459618109819077
3 0.0933887719274307 0.22806265935413803 0.10108695569283327 0.13396479564001668
3 0.07742973820522536 0.4126345155402025 0.15485947641045072 0.18279474122683453
