0 0.73828125 0.65 0.2578125 0.271875
0 0.41171875 0.7171875 0.1984375 0.18125
0 0.12265625000000002 0.91484375 0.22968750000000004 0.1703125
0 0.26015625000000003 0.84140625 0.15781250000000002 0.1234375
0 0.53046875 0.36796875 0.1953125 0.1921875
0 0.85234375 0.21875 0.1671875 0.1625000000000001
0 0.77109375 0.1875 0.1390625 0.1468750000000001
0 0.6890625 0.14765625 0.165625 0.15156249999999993
0 0.59921875 0.07890625000000001 0.1703125 0.15781250000000002
0 0.4140625 0.11015625 0.21249999999999997 0.15781250000000002
2 0.86875 0.82265625 0.171875 0.1734375
0 0.74453125 0.8453125 0.1796875 0.13125
0 0.6359375 0.91328125 0.153125 0.1703125
0 0.7734375 0.93046875 0.153125 0.1390625
2 0.12890625 0.4796875 0.1734374999999999 0.17187499999999994
2 0.315625 0.31015625 0.27812500000000007 0.2515625
2 0.16562499999999997 0.26640625 0.13437500000000005 0.11406250000000004
2 0.23281250000000003 0.19140625 0.13437500000000002 0.11406249999999998
2 0.07265624999999998 0.07734374999999999 0.1015625 0.09531250000000002
