0 0.19140625 0.55390625 0.3828125 0.4234375
3 0.2015625 0.09453125000000001 0.07812500000000003 0.07968750000000002
3 0.30703125 0.26328125 0.09531250000000005 0.0859375
3 0.5578125 0.47109375 0.090625 0.1140625
3 0.61953125 0.46328125 0.0671875 0.0859375
3 0.5 0.6875 0.078125 0.1
3 0.38828125 0.659375 0.11406249999999996 0.1125
3 0.33359375 0.68125 0.1015625 0.096875
3 0.6609375 0.85703125 0.084375 0.1109375
3 0.91484375 0.7265625 0.1140625 0.115625
3 0.7421875 0.88828125 0.090625 0.1140625
3 0.75625 0.95625 0.084375 0.0875
3 0.921875 0.403125 0.084375 0.115625
3 0.41640625 0.03671875000000002 0.1015625 0.07343750000000004
3 0.35 0.06015625000000002 0.11875 0.12031250000000004
3 0.27421875 0.06796875000000002 0.09843750000000004 0.1328125
3 0.44609375 0.275 0.1578125 0.125
3 0.384375 0.22890625000000003 0.109375 0.11093750000000002
3 0.35078125 0.15859375000000003 0.11718749999999996 0.09218749999999995
1 0.23281250000000003 0.18671875 0.08750000000000002 0.09843750000000004
1 0.86015625 0.8703125 0.1078125 0.121875
3 0.95546875 0.87265625 0.0890625 0.1265625
3 0.8671875 0.49140625 0.1 0.1109375
3 0.88984375 0.56953125 0.0859375 0.0515625
3 0.86875 0.628125 0.059375 0.0625
3 0.92421875 0.62265625 0.0640625 0.0609375
3 0.80625 0.68046875 0.10625 0.1140625
3 0.7921875 0.596875 0.109375 0.078125
1 0.7578125 0.4859375 0.096875 0.1375
1 0.69140625 0.640625 0.1078125 0.125
3 0.55078125 0.5953125 0.0609375 0.075
3 0.615625 0.67734375 0.084375 0.0890625
3 0.43203125 0.8140625 0.0984375 0.0625
3 0.53828125 0.884375 0.0796875 0.090625
1 0.08515625000000004 0.92109375 0.0859375 0.1234375
3 0.33984375 0.93125 0.12656249999999997 0.125
1 0.08906249999999999 0.784375 0.09999999999999998 0.115625
1 0.2375 0.91796875 0.07500000000000004 0.1046875
3 0.34375 0.75078125 0.07187499999999991 0.0671875
1 0.2265625 0.68984375 0.09062499999999998 0.0890625
1 0.60859375 0.91328125 0.0828125 0.1390625
3 0.72421875 0.71484375 0.0828125 0.0890625
1 0.63203125 0.740625 0.0796875 0.075
1 0.64765625 0.8 0.0671875 0.05625
3 0.9171875 0.95859375 0.05625 0.0515625
