1 0.8483024751673858 0.8998071290091392 0.09987928727604778 0.10733502011513352
3 0.5445341200856166 0.8324637749772532 0.14862232699158173 0.14986494913142945
1 0.5301542625213187 0.6703774180823867 0.16407227094843313 0.1566165381093474
1 0.6724967198306964 0.6628503895741937 0.15600443068289505 0.1622175413821333
1 0.3892477038646911 0.7452223928995272 0.1190018757916127 0.12521498649085083
1 0.4701678650001855 0.4377077641112722 0.1381980934549501 0.12328662777677862
1 0.054614072235629224 0.37255047081066184 0.08081192062131198 0.07459880992207385
1 0.11901420302171883 0.22103793922663686 0.09561294257782493 0.08939983187858686
3 0.07238359488968801 0.3249396095133169 0.053695120987981404 0.04251152172935274
1 0.811748695598733 0.7581688155609292 0.16342334894809474 0.16466597108794234
3 0.1804389629454561 0.031183262436640352 0.10479455397460896 0.062366524873280704
3 0.2747816724530188 0.013360851400417345 0.20990203182725053 0.02672170280083469
1 0.3596479934303303 0.6572976077262418 0.08268505747455501 0.07025883607607875
3 0.25916346889263675 0.8246673770585313 0.19432323686179748 0.17816914904377834
3 0.11298503492072276 0.6848998669848994 0.19163551242572818 0.235127287320395
3 0.019380685586752988 0.5923267207737275 0.038761371173505976 0.13949593745562705
