1 0.3808972840258483 0.11114577351682212 0.14222144211520016 0.14531135140442314
1 0.06098976441292808 0.949001251540414 0.12197952882585616 0.08422061940299308
1 0.6096632769595083 0.9635034991819122 0.14612349279514988 0.07299300163617542
1 0.39992062011847784 0.7864003026317011 0.1449274968428645 0.10784858537218903
3 0.2984437806055141 0.9180878540506192 0.1324631720782749 0.11083380705371422
3 0.1276913965067129 0.7466391774293033 0.12814237096753386 0.14359191741364868
3 0.13553272464182745 0.5342134944254822 0.1428670156960034 0.20312024683585123
2 0.9111156729220451 0.27645185833490704 0.1124660013714072 0.1387302303298023
2 0.7851844214515934 0.14925644403584187 0.09203263229913192 0.12756658912519594
3 0.9099586349943358 0.9370290825770529 0.1561260339167035 0.1259418348458942
3 0.40936634580722336 0.29038110356342106 0.13723761948903973 0.11869816375370204
3 0.5105727423336345 0.18291079212253372 0.10607680757756555 0.12616121795751484
3 0.26554841767463144 0.5755116627362519 0.11868071581908568 0.1356752169098118
3 0.5202819182909856 0.7127397458269147 0.12510480548215988 0.151369034440555
3 0.737190202016283 0.808917887459556 0.12968732561214535 0.14204696276903706
3 0.05116531626950958 0.1832495083726378 0.09696411112144349 0.14949256903823377
3 0.19793123930841167 0.26379966844488145 0.12659741632292243 0.14513687205826017
3 0.2553562801782809 0.29881809876869586 0.12045249361370916 0.15444149579516178
3 0.9315434613640633 0.05635374591187727 0.13551818549826536 0.1046190926060357
