3 0.1181640625 0.951171875 0.072265625 0.08984375
3 0.0380859375 0.73046875 0.076171875 0.1484375
3 0.1298828125 0.712890625 0.099609375 0.11328125
3 0.2685546875 0.7548828125 0.111328125 0.103515625
3 0.3818359375 0.7138671875 0.080078125 0.087890625
3 0.5234375 0.767578125 0.1171875 0.15234375
3 0.462890625 0.8779296875 0.08203125 0.076171875
3 0.6064453125 0.7861328125 0.083984375 0.154296875
1 0.6044921875 0.9150390625 0.052734375 0.056640625
3 0.798828125 0.93359375 0.1015625 0.11328125
1 0.8896484375 0.91796875 0.064453125 0.07421875
1 0.9208984375 0.943359375 0.056640625 0.0625
3 0.8173828125 0.650390625 0.197265625 0.16796875
1 0.66015625 0.568359375 0.09375 0.09375
1 0.5849609375 0.4736328125 0.119140625 0.119140625
3 0.1796875 0.32421875 0.140625 0.16015625
3 0.1005859375 0.169921875 0.126953125 0.1328125
3 0.4736328125 0.142578125 0.134765625 0.09765625
3 0.568359375 0.134765625 0.05859375 0.05859375
3 0.6298828125 0.064453125 0.130859375 0.12890625
3 0.6884765625 0.2958984375 0.146484375 0.283203125
3 0.95703125 0.341796875 0.08203125 0.12109375
