0 0.40853348536598044 0.7669257485075759 0.17743120108663746 0.22808412934826022
0 0.24322640388555367 0.860393341194753 0.26986115222959195 0.1952887856222027
0 0.7699033765393766 0.057292812235933965 0.21793238894093925 0.11458562447186793
1 0.6366500004179361 0.4516457868966873 0.11808767404003921 0.13919306081571525
3 0.613292633614779 0.3055475589639527 0.10193393543067106 0.09911988386058099
1 0.7687033874832525 0.16593632585515958 0.16733931628747048 0.12231449116602797
1 0.753647146026261 0.26311826914197234 0.15526398473351516 0.10883213382702758
1 0.8041147676925682 0.41369298722521003 0.12918973047897014 0.09401408585284328
3 0.6691161382991464 0.8001376235910935 0.12467757275353675 0.12749162432362676
0 0.5268622227742534 0.7815338898674126 0.12564510809770732 0.1537856237986091
3 0.8942947917294678 0.8406515199369116 0.12526547326498694 0.1013460349192207
1 0.873350523515884 0.7280693679353178 0.13852808538355016 0.1272718791031897
3 0.8554814594386115 0.6230417801059654 0.15156521251082253 0.13468090309028166
