2 0.17566336713487093 0.5201283869959351 0.17157571268474042 0.2579289678574115
2 0.3137608232651136 0.3349115129663341 0.26563502651729254 0.19341230400924025
2 0.2452948193742858 0.5030751834803675 0.20774982558510308 0.28311266646307054
2 0.1766388349095706 0.14008493726637183 0.24503818541704459 0.20264658742318786
2 0.5630209065388785 0.4539414443720011 0.2328520385721914 0.4102687264724066
2 0.47774724760980114 0.7520605256968573 0.17861897017999873 0.14407766811093026
0 0.6232903888284616 0.7270441648147625 0.12688850269496676 0.10490767410555968
2 0.845753154245841 0.18894111806097982 0.23295225816299636 0.16700977239477482
2 0.8347721069372545 0.2544404334267567 0.13736253633316642 0.10125117507914028
2 0.8389648122140179 0.3455467922067975 0.1326523587782934 0.10596135263401324
2 0.8651697219033566 0.4357134255217293 0.1845688979591238 0.15630783262988585
2 0.8742377592153456 0.5435949718952459 0.15961310548015406 0.17217357895981533
2 0.9727468734607716 0.2541635091262704 0.0545062530784568 0.10594043541856774
2 0.9701325027334775 0.42438333528020294 0.05973499453304498 0.09525941286912432
2 0.9622299137700754 0.5060379631273295 0.07554017245984912 0.10486583967466867
2 0.9520184405170863 0.5905745190161193 0.09197505723430166 0.1170960041936242
