1 0.34337819847370865 0.46257811576802305 0.1752192949898701 0.1398425185216972
1 0.30952704107557827 0.7977084651784159 0.12552322677681088 0.10478511643339923
3 0.517726288674346 0.5147650009256265 0.16644458501330278 0.16888436270076285
1 0.8621493207448541 0.420556634069981 0.16270911760159326 0.15051022916429227
1 0.7458257942163649 0.47902286420842 0.1388075838280775 0.14124736151553768
3 0.9326795137540916 0.646161785289744 0.10899155998602197 0.10289211576737137
3 0.9750416980037946 0.17039452412241643 0.049916603992410914 0.16634351717261048
3 0.48323587717972805 0.8099038162380052 0.14091080560438893 0.12993180601081802
1 0.6521414641262145 0.6457317416300641 0.15798116398771117 0.19945738467453467
1 0.8424360383192111 0.8390815966570493 0.12715547241220904 0.1344748054745896
1 0.8024187319242859 0.9574078864045038 0.13885811774842355 0.08518422719099235
1 0.7145528774499088 0.9191146934366856 0.1132990713793367 0.10963940484814642
