2 0.4265625 0.8125 0.08124999999999996 0.125
2 0.1640625 0.821875 0.078125 0.121875
3 0.621875 0.8203125 0.1625 0.215625
3 0.778125 0.85859375 0.153125 0.2203125
3 0.921875 0.8765625 0.15 0.234375
3 0.60625 0.571875 0.11875 0.215625
1 0.70625 0.59609375 0.090625 0.1859375
3 0.77734375 0.6078125 0.0984375 0.184375
3 0.609375 0.396875 0.09375 0.2
1 0.69375 0.409375 0.06875 0.20312499999999994
1 0.7859375 0.4421875 0.10625 0.19375
3 0.875 0.484375 0.103125 0.171875
3 0.94140625 0.4890625 0.1078125 0.18750000000000006
3 0.86640625 0.6421875 0.0859375 0.15625
3 0.95546875 0.65625 0.0828125 0.15
3 0.65 0.16171875000000002 0.10625 0.19218749999999996
3 0.74140625 0.17890625 0.1046875 0.20781250000000004
3 0.915625 0.234375 0.103125 0.18437499999999998
1 0.8328125 0.21328125 0.090625 0.18593749999999995
1 0.56015625 0.153125 0.1109375 0.18437500000000007
1 0.47265625 0.1484375 0.1015625 0.1937500000000001
3 0.384375 0.15078125000000003 0.07499999999999996 0.18593749999999995
3 0.26328125 0.15390625000000002 0.16093749999999996 0.17656249999999996
3 0.09140625000000002 0.1609375 0.18281250000000004 0.15937499999999996
2 0.2953125 0.4953125 0.109375 0.096875
2 0.3046875 0.39453125 0.128125 0.1015625
2 0.16953125 0.58515625 0.08593749999999997 0.0953125
2 0.10234375 0.546875 0.05781249999999993 0.103125
