3 0.87109375 0.8734375 0.1109375 0.16875
3 0.91171875 0.90234375 0.1265625 0.1578125
3 0.94921875 0.92734375 0.1015625 0.1453125
3 0.69765625 0.80703125 0.1671875 0.1734375
3 0.659375 0.7296875 0.16875 0.184375
3 0.625 0.6671875 0.184375 0.184375
3 0.60546875 0.60234375 0.1609375 0.1578125
3 0.546875 0.521875 0.14375 0.2
3 0.53828125 0.48828125 0.1828125 0.1359375
3 0.3953125 0.78125 0.18750000000000006 0.18125
3 0.3703125 0.72265625 0.24687500000000004 0.1203125
3 0.3265625 0.67421875 0.25 0.1015625
3 0.2875 0.62421875 0.24062499999999995 0.1390625
3 0.25078125 0.5796875 0.2171875 0.125
3 0.21796875 0.5375 0.2328125 0.153125
3 0.1484375 0.44609375 0.1625000000000001 0.1734375
3 0.09375 0.88984375 0.1875 0.1546875
3 0.06093749999999998 0.81171875 0.12187499999999996 0.1578125
