3 0.1455078125 0.755859375 0.212890625 0.1953125
3 0.587890625 0.8779296875 0.1171875 0.095703125
1 0.4169921875 0.447265625 0.115234375 0.1015625
1 0.517578125 0.4013671875 0.0625 0.076171875
3 0.9365234375 0.7333984375 0.095703125 0.103515625
1 0.8369140625 0.341796875 0.087890625 0.078125
1 0.8251953125 0.2490234375 0.126953125 0.083984375
3 0.6494140625 0.19921875 0.095703125 0.1015625
3 0.5576171875 0.2705078125 0.095703125 0.111328125
3 0.4453125 0.3212890625 0.109375 0.103515625
1 0.3349609375 0.1611328125 0.083984375 0.123046875
1 0.5078125 0.1201171875 0.109375 0.107421875
3 0.48046875 0.033203125 0.109375 0.04296875
