1 0.4609375 0.8388671875 0.0859375 0.091796875
3 0.54296875 0.955078125 0.1015625 0.0859375
3 0.08984375 0.865234375 0.08984375 0.109375
3 0.189453125 0.78125 0.125 0.08984375
3 0.2666015625 0.6015625 0.216796875 0.140625
3 0.244140625 0.2841796875 0.09765625 0.103515625
3 0.146484375 0.2724609375 0.08203125 0.091796875
3 0.046875 0.1923828125 0.08984375 0.091796875
1 0.142578125 0.197265625 0.0859375 0.0625
1 0.6767578125 0.171875 0.142578125 0.09375
1 0.6650390625 0.0830078125 0.087890625 0.056640625
3 0.4560546875 0.0537109375 0.068359375 0.099609375
3 0.3701171875 0.0517578125 0.083984375 0.103515625
3 0.05859375 0.0390625 0.05859375 0.0703125
