3 0.5989470314732506 0.884886140836409 0.12202371556962346 0.12889446053648293
3 0.7623370619804999 0.7219851581585791 0.1193513066695969 0.10560981673587762
3 0.7992584805784677 0.914167176020133 0.0948195387156459 0.0920712407289022
3 0.8609318449833111 0.870130895812219 0.10156325884247934 0.09744081186236375
3 0.575545137351573 0.29398904099455175 0.08644761991538852 0.11255645078945453
3 0.8053595870979429 0.538978410853783 0.11164089448937062 0.11851163945623026
3 0.9427156850983132 0.46322287016823926 0.11456862980337376 0.12441569236969716
2 0.7041096591212863 0.14675055569052226 0.22875200253232847 0.17790848977756787
2 0.559479255754024 0.03657207594794484 0.05812334374809129 0.0526267477746038
1 0.47098360355852814 0.10190766555312343 0.059421603654746045 0.07728554056858072
