1 0.7515625 0.90625 0.146875 0.084375
1 0.8921875 0.753125 0.128125 0.09375
1 0.94609375 0.62578125 0.1078125 0.1796875
1 0.921875 0.51328125 0.109375 0.0828125
1 0.7984375 0.41796875 0.13125 0.1171875
1 0.9171875 0.27656250000000004 0.109375 0.09375
1 0.8546875 0.32890625 0.115625 0.09843750000000004
1 0.9421875 0.4203125 0.1125 0.134375
1 0.6828125 0.56328125 0.134375 0.1328125
1 0.328125 0.66484375 0.18124999999999997 0.1359375
1 0.334375 0.7734375 0.2125 0.11875
1 0.3515625 0.87109375 0.23125 0.1078125
1 0.146875 0.93046875 0.15625000000000003 0.1390625
1 0.046875 0.9515625 0.09375 0.096875
1 0.659375 0.97578125 0.153125 0.0484375
1 0.9671875 0.92265625 0.065625 0.1296875
1 0.84921875 0.98203125 0.1921875 0.0359375
1 0.74765625 0.83046875 0.1265625 0.1015625
1 0.6109375 0.8453125 0.13125 0.115625
1 0.58984375 0.77265625 0.1421875 0.0859375
1 0.74453125 0.7203125 0.1328125 0.115625
1 0.8109375 0.60859375 0.14375 0.1390625
3 0.4609375 0.54453125 0.115625 0.0953125
3 0.62734375 0.48515625 0.1046875 0.0953125
3 0.55078125 0.50859375 0.0859375 0.0953125
3 0.44765625 0.478125 0.0953125 0.090625
3 0.55703125 0.6125 0.1140625 0.08125
3 0.5765625 0.68828125 0.14375 0.1234375
3 0.14296875000000003 0.72421875 0.13906249999999995 0.1609375
1 0.04843750000000002 0.73515625 0.09687500000000004 0.1609375
3 0.45546875 0.9421875 0.1453125 0.115625
