2 0.26973324912081137 0.9041951698097981 0.2940118620286057 0.19160966038040392
3 0.28725185782688006 0.5934014116863923 0.1962801703220297 0.18941768720893348
3 0.9136616870008991 0.4939202953087669 0.15013366889680632 0.14670242734025835
3 0.7465351881625517 0.44253320743546604 0.1861265714852304 0.16553912214594185
2 0.6632173123965363 0.27074977519165555 0.19772731888447045 0.20687729636859875
3 0.4806268722482484 0.2513291204519982 0.15685602617705757 0.1740122339597981
1 0.41880603616957773 0.4218284750832083 0.1565059161891845 0.1667996408588288
1 0.08049248727160421 0.5082854589931055 0.16098497454320843 0.17996430834788057
3 0.2812888223658982 0.19982526105132642 0.14597885305903788 0.14140386431697385
0 0.076664631710474 0.2532772613138172 0.153329263420948 0.33117186610801985
0 0.7037273294489372 0.06095567478729411 0.21254932368523063 0.12191134957458823
0 0.547151145749091 0.058411283056046204 0.178563868396388 0.11682256611209241
