1 0.9779785813584554 0.8420383793495082 0.04404283728308922 0.13265215155008847
3 0.9398457019323194 0.8779032405254987 0.10575703390019786 0.09376540184906235
1 0.9766087090498098 0.6165657039487796 0.04678258190038043 0.09961802324847424
3 0.9172185414339615 0.7029700070318728 0.13090490173204583 0.16837875189184426
3 0.8117239162738237 0.7326433069633925 0.14494921957386608 0.16593457566335323
3 0.7393254933682127 0.7861661997311926 0.12228362141117022 0.12827943743673798
3 0.7212713817703527 0.7161308323808295 0.04367000097251361 0.042171046966121506
1 0.6089739791967826 0.872126461783732 0.13047531785357847 0.1409679958983221
1 0.5049352808104546 0.9364474685689178 0.09660106851535988 0.06812094239391309
1 0.9191477677661748 0.33097262694588725 0.13115319754369648 0.1356500595628723
1 0.8215058992033862 0.37394076771603113 0.13413205883614987 0.10715088672109502
1 0.6742553538035079 0.4835118501533656 0.16880833577031185 0.15831565772556822
1 0.5434502752413588 0.6045303562177081 0.1023485887292771 0.09485381869731735
3 0.47555823771508876 0.6650754079064183 0.1293869010053234 0.14437644106924286
3 0.1051455218769825 0.7866663482517071 0.12719102058848297 0.12569206658209087
2 0.5679784362151111 0.1864330597862543 0.30032410944764204 0.3728661195725086
2 0.3071466703981815 0.24879187688703683 0.36678385648867673 0.4777064529616802
2 0.07168723563962598 0.17566267947488343 0.14337447127925196 0.20582368774747
2 0.10077329991443598 0.44435672524932757 0.20154659982887196 0.2451019278863027
