1 0.23465255970534243 0.5688496337091611 0.09597467676222793 0.11789971692812162
1 0.11954558234598811 0.6069827475807643 0.11391067924521048 0.10451423345982735
1 0.07929932169095602 0.388987054152236 0.13973623806489593 0.10371652922092756
3 0.02322775223413162 0.25671244436856305 0.04645550446826324 0.10274127043537662
3 0.3524766169850209 0.17966266298816289 0.15451075777251488 0.14354823768956798
3 0.5309218590992091 0.27482367720034323 0.12513927290392796 0.1251392729039279
1 0.6070401247202064 0.4504463290771163 0.0785703049423746 0.0738720820496831
3 0.5292541481476434 0.7230042494115502 0.28219084727114563 0.18196209222705972
1 0.8931152740897901 0.1980250440613897 0.11382216021609093 0.1341811260844208
3 0.6632255448189119 0.07164598826137594 0.1602135736309932 0.12419386478702482
