3 0.8740234375 0.1015625 0.091796875 0.08203125
1 0.8642578125 0.1826171875 0.111328125 0.080078125
1 0.8603515625 0.27734375 0.119140625 0.09765625
3 0.8525390625 0.3837890625 0.099609375 0.083984375
3 0.84765625 0.462890625 0.08984375 0.07421875
1 0.833984375 0.544921875 0.08984375 0.08203125
3 0.8251953125 0.6240234375 0.126953125 0.076171875
3 0.818359375 0.7001953125 0.12109375 0.087890625
1 0.8017578125 0.7958984375 0.154296875 0.123046875
3 0.7880859375 0.8955078125 0.103515625 0.072265625
3 0.77734375 0.9638671875 0.1171875 0.068359375
2 0.55078125 0.1044921875 0.1796875 0.201171875
2 0.4033203125 0.1455078125 0.244140625 0.291015625
2 0.1103515625 0.2666015625 0.185546875 0.244140625
2 0.34765625 0.3310546875 0.1796875 0.146484375
2 0.5087890625 0.384765625 0.306640625 0.26171875
2 0.5361328125 0.48828125 0.177734375 0.14453125
2 0.33984375 0.5498046875 0.14453125 0.185546875
2 0.2509765625 0.603515625 0.142578125 0.1796875
2 0.0869140625 0.5517578125 0.169921875 0.275390625
2 0.1220703125 0.80859375 0.240234375 0.1875
0 0.27734375 0.86328125 0.3046875 0.2421875
2 0.572265625 0.6220703125 0.109375 0.099609375
2 0.5126953125 0.751953125 0.185546875 0.24609375
