1 0.83671875 0.73203125 0.0953125 0.1109375
3 0.74453125 0.74921875 0.1453125 0.2015625
3 0.775 0.83046875 0.096875 0.1296875
3 0.85078125 0.87578125 0.0703125 0.0953125
3 0.90234375 0.765625 0.0921875 0.125
2 0.45703125 0.596875 0.4765625 0.365625
3 0.4375 0.88125 0.16250000000000003 0.13125
3 0.3984375 0.9390625 0.11562500000000005 0.121875
3 0.2859375 0.89140625 0.15312500000000004 0.1203125
1 0.1671875 0.790625 0.14374999999999993 0.13125
1 0.08046875000000003 0.72109375 0.12656250000000002 0.1078125
1 0.10234375 0.91953125 0.2046875 0.1609375
3 0.05234375000000002 0.84140625 0.10468750000000004 0.0890625
3 0.68359375 0.52734375 0.1265625 0.0953125
3 0.60078125 0.44609375 0.0921875 0.1265625
3 0.5421875 0.4171875 0.096875 0.1375
3 0.47734375 0.3640625 0.1109375 0.125
1 0.40625 0.33984375 0.078125 0.1015625
3 0.35234375 0.33125 0.10156250000000004 0.115625
3 0.4453125 0.18828125 0.10000000000000005 0.0984375
3 0.74453125 0.29296875 0.1578125 0.1234375
2 0.9171875 0.43203125 0.165625 0.1953125
3 0.85703125 0.14296875 0.1234375 0.1234375
3 0.78828125 0.12578125 0.0671875 0.0703125
3 0.7390625 0.09375 0.078125 0.071875
1 0.51484375 0.09921875 0.1203125 0.1171875
3 0.74453125 0.38203125 0.1078125 0.0703125
3 0.390625 0.1421875 0.10625 0.1125
