0 0.5871412577255828 0.6300555951992399 0.18927953438837938 0.18927953438837938
0 0.32484902048851205 0.6722694071330682 0.13094617774844908 0.14359440816622743
0 0.3099087627625681 0.42830379410593 0.17668728347743232 0.18652479602459326
0 0.21436236263446046 0.36101254664342897 0.17207739303551145 0.17067203410020268
0 0.11214500943185757 0.2977874449392456 0.1624457910427902 0.1666618678487163
2 0.46850939044210127 0.5417019711799931 0.19298983854464852 0.19580055641526597
0 0.36435996254938335 0.6125036803485016 0.12331965888147103 0.1444000429111017
0 0.1963377544475708 0.8655172215626354 0.18060349818814114 0.1791981392528325
0 0.06363511730354598 0.7748676560588708 0.12727023460709197 0.17288302778038558
0 0.015412124096666313 0.704672717729063 0.030824248193332626 0.12892113006164463
0 0.5293657390657882 0.9465192862676292 0.1640190884985926 0.10696142746474173
0 0.6815342066991222 0.7663043605767335 0.13555606819036975 0.15944717009061815
0 0.6730441164922624 0.870658720479803 0.1703721720049855 0.16896681306967665
0 0.6751132043171915 0.9588316396444203 0.13823486248626377 0.0823367207111593
0 0.3085235652279702 0.9556040563658236 0.11115723655228829 0.0661857506224095
2 0.218622479578511 0.552931924749668 0.19679409424169503 0.21927983720663463
1 0.6583966742132695 0.46896211921719144 0.1445120019247641 0.09251372131834161
1 0.6887727831946343 0.39811245573420617 0.20129006858177725 0.138048916492885
1 0.6600878019472629 0.15831594374260538 0.1817270025011176 0.12691800402407774
1 0.6684440114912229 0.23446917339872328 0.20410078645239463 0.13523819862226757
3 0.6754228518532897 0.31676859746270625 0.13632373090129796 0.11945942367759325
3 0.4577662235051104 0.3193324971126733 0.23104844589982249 0.2549395478000707
1 0.5968376461219282 0.05724910606230651 0.12935291573158542 0.11108324957257217
1 0.34522554966675073 0.1515091529170342 0.17700515304553438 0.14187117966281662
1 0.38423071907796513 0.08070646520443767 0.18253263724599195 0.11929148515709968
1 0.23179331473509385 0.08566206338921711 0.13268937081292123 0.17132412677843423
1 0.1049622156035273 0.08596094694034623 0.14271478644163704 0.17192189388069246
2 0.028964006555108 0.3627618078120793 0.047916084463396125 0.12942690271130167
