3 0.1796875 0.08984375 0.1484375 0.13671875
3 0.322265625 0.1025390625 0.12109375 0.099609375
3 0.533203125 0.0322265625 0.08203125 0.064453125
3 0.6748046875 0.0498046875 0.107421875 0.099609375
2 0.8369140625 0.076171875 0.193359375 0.1484375
0 0.892578125 0.2421875 0.140625 0.140625
2 0.5966796875 0.40625 0.154296875 0.0859375
2 0.7509765625 0.384765625 0.181640625 0.18359375
2 0.771484375 0.5849609375 0.12109375 0.130859375
2 0.5458984375 0.5322265625 0.146484375 0.146484375
2 0.4140625 0.58203125 0.1953125 0.17578125
2 0.2392578125 0.634765625 0.115234375 0.14453125
0 0.1611328125 0.6884765625 0.126953125 0.142578125
0 0.0703125 0.865234375 0.140625 0.15234375
2 0.3076171875 0.4677734375 0.130859375 0.099609375
2 0.443359375 0.388671875 0.1015625 0.1171875
3 0.0341796875 0.3984375 0.068359375 0.08984375
3 0.0966796875 0.435546875 0.158203125 0.09765625
3 0.1337890625 0.546875 0.111328125 0.09765625
2 0.2158203125 0.4931640625 0.123046875 0.134765625
