1 0.9375 0.111328125 0.12109375 0.1484375
3 0.6728515625 0.3583984375 0.115234375 0.111328125
3 0.70703125 0.4453125 0.09375 0.10546875
3 0.826171875 0.5048828125 0.11328125 0.115234375
1 0.6767578125 0.5869140625 0.095703125 0.095703125
1 0.8369140625 0.62109375 0.146484375 0.10546875
3 0.40234375 0.640625 0.13671875 0.14453125
3 0.3330078125 0.568359375 0.099609375 0.10546875
3 0.3994140625 0.361328125 0.107421875 0.1171875
3 0.3203125 0.3994140625 0.1015625 0.103515625
1 0.2412109375 0.4462890625 0.095703125 0.099609375
3 0.16796875 0.478515625 0.1171875 0.1484375
1 0.0771484375 0.4990234375 0.095703125 0.126953125
3 0.4150390625 0.162109375 0.091796875 0.109375
3 0.3798828125 0.2060546875 0.072265625 0.076171875
3 0.3134765625 0.2236328125 0.103515625 0.107421875
1 0.046875 0.3408203125 0.08203125 0.107421875
1 0.126953125 0.3056640625 0.09765625 0.126953125
1 0.2080078125 0.2783203125 0.123046875 0.111328125
3 0.25390625 0.8017578125 0.12109375 0.107421875
3 0.205078125 0.712890625 0.1484375 0.13671875
1 0.185546875 0.634765625 0.09765625 0.0859375
1 0.0595703125 0.8525390625 0.099609375 0.095703125
1 0.06640625 0.7646484375 0.125 0.099609375
3 0.3701171875 0.9375 0.103515625 0.10546875
3 0.4814453125 0.896484375 0.146484375 0.1484375
1 0.6240234375 0.8623046875 0.083984375 0.083984375
3 0.81640625 0.931640625 0.09765625 0.11328125
