2 0.32483986107101337 0.6696313571024218 0.3533353201471832 0.5115708469951132
2 0.755523481576758 0.5362265734055092 0.29935992061906347 0.30990895574225874
2 0.6025019547992777 0.8765294844928398 0.1715792116299817 0.2469410310143203
2 0.9290183634604534 0.5620940196337266 0.14196327307909318 0.28993497785962646
2 0.8074200556169184 0.8345195322017988 0.2796555623130613 0.14427627823205458
2 0.8326453990099013 0.15722094075409127 0.3347092019801974 0.25199178122402965
2 0.3673205245743357 0.11495875658147903 0.2824845354842835 0.22991751316295805
3 0.09711655087724583 0.17890792897777155 0.14113974908279653 0.10597629867214536
3 0.09799179830959631 0.08775641631462475 0.12428333214871934 0.0908780542586008
3 0.05595530701714463 0.39373714593391756 0.09123122429387354 0.08771487925280852
3 0.04340343829255344 0.48076284687236337 0.08680687658510688 0.07586336030369867
3 0.048431143306139346 0.5622861859019024 0.09686228661227869 0.08337070728114959
3 0.040821277669343015 0.6464885589415614 0.08164255533868603 0.09623612227884093
3 0.03121591106435373 0.7451797097111293 0.06243182212870746 0.09530577668890206
3 0.027722373051907168 0.8347078596420587 0.055444746103814335 0.08771487925280841
3 0.05705309854699728 0.9157337347476585 0.11410619709399455 0.09385516014640527
