3 0.8818359375 0.9443359375 0.162109375 0.107421875
3 0.8623046875 0.861328125 0.150390625 0.109375
3 0.8251953125 0.783203125 0.150390625 0.125
3 0.7890625 0.677734375 0.140625 0.11328125
3 0.7705078125 0.5908203125 0.126953125 0.130859375
3 0.7470703125 0.435546875 0.115234375 0.171875
3 0.650390625 0.4384765625 0.1015625 0.181640625
3 0.5625 0.4560546875 0.109375 0.173828125
3 0.462890625 0.4423828125 0.10546875 0.169921875
3 0.685546875 0.2138671875 0.19921875 0.212890625
3 0.490234375 0.2060546875 0.1796875 0.185546875
3 0.3671875 0.943359375 0.13671875 0.109375
3 0.3447265625 0.8681640625 0.150390625 0.126953125
3 0.3212890625 0.765625 0.189453125 0.13671875
3 0.2890625 0.646484375 0.13671875 0.125
3 0.2646484375 0.533203125 0.138671875 0.1015625
3 0.244140625 0.4462890625 0.13671875 0.111328125
1 0.251953125 0.2744140625 0.16796875 0.162109375
3 0.2314453125 0.0986328125 0.146484375 0.189453125
3 0.078125 0.26953125 0.15234375 0.16015625
3 0.087890625 0.4931640625 0.13671875 0.177734375
3 0.634765625 0.95703125 0.18359375 0.08203125
3 0.5927734375 0.8828125 0.134765625 0.10546875
3 0.5712890625 0.791015625 0.107421875 0.1015625
3 0.556640625 0.701171875 0.13671875 0.09765625
1 0.548828125 0.6005859375 0.16796875 0.111328125
3 0.15234375 0.96484375 0.125 0.06640625
3 0.05078125 0.7705078125 0.09765625 0.134765625
3 0.4287109375 0.056640625 0.130859375 0.1015625
