1 0.18680121687429302 0.26714077905346684 0.15686480782761147 0.14303690720814977
3 0.24507178054253975 0.4902418706551156 0.17841930026911784 0.15767744933992497
3 0.32131861501608683 0.6909365122828283 0.15375844469074726 0.1426961241951778
1 0.23352454037955245 0.728861683644038 0.13599188141204938 0.13460909135010315
1 0.09613011150858308 0.07824573268542327 0.12760338157411932 0.08611967971573374
3 0.07796382431571036 0.2995151321568336 0.10458746703043378 0.12809489808351895
3 0.028468449555850622 0.30417141157011107 0.056936899111701245 0.09688053321844774
3 0.48687005812452133 0.573746637485441 0.1670555127806928 0.13801692147982295
3 0.9302018473742107 0.7249294521819245 0.13959630525157857 0.15925028891841553
3 0.7253227780279486 0.7055605954386206 0.11559081349582856 0.1584573054161602
3 0.7368208731657904 0.5023133465056373 0.16390983362371198 0.1652926236856583
3 0.7946981109880129 0.08234811694660618 0.18495315154576025 0.16469623389321236
2 0.543564384406371 0.1305459305267346 0.15038339999710573 0.20984337266079162
2 0.4523133346149712 0.17278003457523974 0.15233633860868462 0.1716953994759312
2 0.6608198963338586 0.867055467761055 0.4180024882667814 0.2658890644778902
3 0.7631364656549033 0.3768202007525347 0.1534569776978917 0.11197327583950631
3 0.7902024272051642 0.20801819159484639 0.20741857554987114 0.15625534325786242
3 0.9400091548732126 0.5194277976445066 0.11998169025357477 0.15722524885064182
3 0.4747886207530831 0.32750182114575643 0.10260174298277676 0.06803199143412213
