1 0.29296875 0.06093750000000003 0.1421874999999999 0.08750000000000002
1 0.14218750000000002 0.07656249999999998 0.109375 0.078125
3 0.3046875 0.13671875 0.1375 0.0859375
3 0.15859374999999998 0.14765625 0.15156250000000004 0.08281250000000007
3 0.16875 0.23828125 0.15 0.0859375
3 0.31640625 0.22109375000000003 0.1484375 0.09531250000000002
3 0.346875 0.3140625 0.15624999999999994 0.09687500000000004
3 0.16015625 0.35234375 0.12968749999999998 0.0796875
2 0.4140625 0.521875 0.1375 0.109375
2 0.371875 0.41875 0.146875 0.103125
2 0.2171875 0.459375 0.10624999999999996 0.12812500000000004
3 0.53515625 0.11171875000000005 0.1171875 0.09218749999999998
3 0.55234375 0.2 0.1140625 0.0875
3 0.57890625 0.28203125 0.1171875 0.08906249999999996
3 0.6015625 0.36640625 0.1125 0.0796875
3 0.68515625 0.50703125 0.1484375 0.1078125
3 0.65234375 0.44375 0.1421875 0.0875
3 0.690625 0.61015625 0.134375 0.1015625
3 0.7234375 0.68671875 0.115625 0.0890625
3 0.7453125 0.7640625 0.109375 0.078125
3 0.921875 0.8796875 0.109375 0.1375
3 0.790625 0.84375 0.140625 0.09375
3 0.80078125 0.94609375 0.1234375 0.0984375
3 0.5359375 0.88359375 0.15625 0.1109375
