2 0.896484375 0.9140625 0.20703125 0.171875
1 0.9404296875 0.775390625 0.091796875 0.1015625
1 0.828125 0.8203125 0.0859375 0.09765625
1 0.736328125 0.9248046875 0.10546875 0.119140625
2 0.92578125 0.6396484375 0.046875 0.048828125
0 0.783203125 0.6064453125 0.1015625 0.115234375
0 0.716796875 0.58984375 0.0859375 0.08984375
0 0.625 0.5947265625 0.10546875 0.126953125
2 0.5498046875 0.5556640625 0.083984375 0.107421875
0 0.4814453125 0.5048828125 0.107421875 0.123046875
0 0.3564453125 0.505859375 0.146484375 0.171875
2 0.37109375 0.927734375 0.1171875 0.12109375
2 0.3828125 0.853515625 0.1015625 0.1015625
0 0.4716796875 0.82421875 0.111328125 0.1171875
0 0.1064453125 0.3134765625 0.072265625 0.068359375
2 0.048828125 0.2802734375 0.09765625 0.142578125
3 0.1689453125 0.6455078125 0.095703125 0.091796875
3 0.107421875 0.71875 0.08203125 0.0703125
3 0.1181640625 0.8017578125 0.099609375 0.091796875
3 0.052734375 0.822265625 0.07421875 0.07421875
3 0.84765625 0.2666015625 0.109375 0.130859375
1 0.5244140625 0.1005859375 0.130859375 0.154296875
3 0.4326171875 0.0546875 0.115234375 0.109375
