1 0.6390625 0.53203125 0.15625 0.1140625
3 0.4390625 0.559375 0.1875 0.115625
3 0.4609375 0.67109375 0.175 0.0984375
3 0.459375 0.75703125 0.171875 0.0921875
3 0.47109375 0.83515625 0.1390625 0.0765625
3 0.4640625 0.9078125 0.146875 0.1125
1 0.8921875 0.59765625 0.146875 0.0921875
3 0.8828125 0.68984375 0.15 0.0953125
3 0.86640625 0.778125 0.1390625 0.1
3 0.85078125 0.8734375 0.1328125 0.1
3 0.628125 0.63984375 0.14375 0.0953125
3 0.61953125 0.7265625 0.1453125 0.1
3 0.6203125 0.82890625 0.115625 0.0859375
3 0.6078125 0.91484375 0.134375 0.1078125
3 0.90390625 0.31875 0.1078125 0.15312499999999996
3 0.5640625 0.2421875 0.1 0.1499999999999999
1 0.7296875 0.284375 0.1125 0.1625
3 0.82265625 0.30078125 0.0890625 0.1578124999999999
1 0.65078125 0.26328125 0.1015625 0.15781250000000005
3 0.47265625 0.21015625 0.1234375 0.19843749999999993
3 0.3671875 0.19609375 0.1125 0.18281249999999996
1 0.22421874999999997 0.153125 0.18593749999999998 0.2156250000000001
3 0.09921874999999997 0.42421875 0.10781249999999998 0.1640625
3 0.1859375 0.4390625 0.09375000000000003 0.171875
2 0.30078125 0.46875 0.20468749999999997 0.2
3 0.25390625 0.6859375 0.1046875 0.128125
3 0.17812500000000003 0.671875 0.08437499999999995 0.140625
3 0.09999999999999998 0.65078125 0.09687500000000004 0.1578125
3 0.25234375 0.83359375 0.11406249999999996 0.1484375
3 0.16328125 0.82265625 0.10468749999999993 0.1515625
3 0.08281250000000001 0.80078125 0.09999999999999998 0.1609375
3 0.834375 0.9546875 0.15625 0.090625
