0 0.5188169079663583 0.551401748947853 0.2603010035190512 0.27552769840261576
1 0.5760229519346025 0.12572997084396187 0.17603804308333135 0.18314383402899478
3 0.5224164183024813 0.8667198741608513 0.19207740049935235 0.17888093160026325
3 0.5500592309493093 0.7603606200989816 0.15370269656077137 0.14659690561510796
2 0.35080426497770156 0.5876507230587323 0.20121627812282328 0.22862432891323925
3 0.38248308510351253 0.7103860367962588 0.16331252824373207 0.13894981643002877
2 0.17640012903927965 0.7300550704250346 0.28866240520177555 0.3688563315885485
2 0.36219083768542243 0.9480639925295555 0.3257420497750817 0.10387201494088885
3 0.10877672566559385 0.4351109795833807 0.18321131751558856 0.17204507460097457
3 0.0744407778828218 0.5114892282842775 0.1488815557656436 0.17901589857345063
3 0.022830857088523504 0.305544099886564 0.04566171417704701 0.12933855440040215
3 0.03619603470409696 0.2170534091120754 0.07239206940819393 0.18422786085449222
3 0.3973918008307448 0.3424464536633895 0.1602671892670191 0.1419951554067417
1 0.548992496880449 0.3138797408275521 0.21617160871334687 0.19992980083754466
3 0.6571666533470185 0.05166392800407058 0.2100105865799952 0.10332785600814116
3 0.2338689552205684 0.10425533206381585 0.1789455543935248 0.12920501777388077
3 0.13505842580721925 0.13897877599300673 0.1599958249739783 0.1285273222146116
3 0.06235278029919744 0.1679152176584435 0.12470556059839488 0.12859480570120535
3 0.2457530719977456 0.2652641245100327 0.20866091684812113 0.23099340267734908
3 0.4033690956076185 0.036271385097354 0.12784676596201047 0.072542770194708
3 0.2071471820694178 0.3964283089151298 0.17637546051629982 0.1631789916172106
2 0.7859660550280039 0.1671414316792595 0.23045210443793335 0.21116495758541828
