3 0.5180418077931905 0.5460320668595934 0.12267670266527926 0.1290095632946401
3 0.572071039922727 0.43340667109644776 0.1167851068419874 0.10411938558326543
3 0.351251149791761 0.6053975466648861 0.0963324949048241 0.10646507191180161
3 0.15224627373066207 0.5059467170703993 0.19175508019555815 0.19935451295079112
3 0.1922013878889826 0.257546759244501 0.12429993730293354 0.11290078817008395
3 0.14996780626279033 0.15090791941046705 0.11995610049032635 0.11362323986096563
3 0.26630252163139134 0.07627389294561263 0.13136437629049338 0.12756465991287685
3 0.08213774752374892 0.25633284607730517 0.10456977705665182 0.11090263768601272
2 0.23827155380526444 0.7956633212863102 0.16901400422219398 0.12975026832015626
0 0.23768636336734597 0.9201187731768414 0.095507187585021 0.07650860569693822
2 0.055974709102875476 0.8706311935946534 0.11194941820575095 0.1302852620878296
2 0.9077159854682977 0.7696410091703918 0.14861615228893435 0.28413936975725773
