3 0.946396404326906 0.9279758622487144 0.10720719134618806 0.13932770646984916
1 0.7328761538823296 0.5747715151144124 0.114102127310314 0.1373981291202847
1 0.840760450231054 0.6512719676526011 0.12183219284317115 0.1237735263273354
3 0.952781741717184 0.441609522638043 0.08644145701341843 0.08450012352925418
2 0.5224664086830877 0.5008413492614832 0.135409771097721 0.10823110231942168
0 0.6713898849326484 0.41888878578587807 0.09417152254627559 0.07087552073630482
0 0.6748434529880802 0.34367132319425875 0.08625335885981988 0.0532506896290279
2 0.4246355857258818 0.4721328117100164 0.05688647777075828 0.04135580989744436
0 0.33306374020136525 0.5097940527927309 0.15098746350943448 0.10051279292116433
0 0.3487582083214883 0.6835308578532404 0.0748875051852323 0.11177284138435273
1 0.5420870471554076 0.1911473272067673 0.11198445180715105 0.11004311832298685
1 0.36910342034688187 0.1697272145030716 0.09808945791840384 0.07285212262426877
1 0.37467387826788695 0.28395356686427425 0.053156640552228684 0.07062864190970675
1 0.8957322493372062 0.049367681035247496 0.1332685833253583 0.07696991228459543
1 0.7907826798463384 0.13593845552926495 0.07867612307676142 0.09226545746591114
1 0.9027024729131901 0.23389938160465937 0.10221900371333037 0.10998433764998733
1 0.867806280374223 0.114966647215545 0.08433553764485546 0.059098202350720386
