2 0.5491523995974359 0.10960513273997288 0.3377454770614227 0.21921026547994577
2 0.7092528333036071 0.49338047126580803 0.5765150168727725 0.5352625195857466
0 0.5709946605664291 0.30340100605278386 0.533125790082156 0.3681158009340522
2 0.8290106900642569 0.16621655275977731 0.079734802255971 0.12341391703046925
2 0.7460010251386735 0.05268429189608825 0.10674971569852705 0.1053685837921765
2 0.7980578866421203 0.09762970704120627 0.11165126533745173 0.10073148664382703
2 0.8354819109856623 0.7602037247760305 0.3290361780286756 0.40181463934227946
0 0.1479901131611144 0.6494625022126786 0.22625527226415248 0.1874293924645986
0 0.6440079850486133 0.9065926812491384 0.18705358453750892 0.17492049710014843
0 0.22125305174694937 0.9031594791114598 0.20747045797686042 0.1674312694335704
