3 0.02594578185270774 0.13317716993249062 0.05189156370541548 0.09075417530113405
1 0.03285022085510819 0.2118813823835385 0.06570044171021638 0.09757272724638238
1 0.047598101920460795 0.2907152224305581 0.09519620384092159 0.09975213507776182
1 0.057981899008262866 0.3771927948317806 0.11596379801652573 0.10166175108761472
3 0.06810430680381627 0.46087602533100136 0.12715597045472654 0.10016209112484337
1 0.07481957272705078 0.5433346560037691 0.12142712242516801 0.09893222298359877
1 0.10049610283805033 0.6257179362489677 0.13288481848428502 0.10139195926608813
1 0.10339213674157913 0.7089964790158985 0.12497656262334705 0.10698064307009159
3 0.11720101474638012 0.7919298795337335 0.13643425868246406 0.10944037935258089
1 0.14178784094168992 0.8785423478457193 0.11651818648977258 0.1015215868620597
1 0.15614157090433575 0.9530379054093279 0.12306694661349421 0.09392418918134426
1 0.18795690509197532 0.9987986075330185 0.11214883419743049 0.0024027849339629537
1 0.21610273560838464 0.07552406814913021 0.11568773776602631 0.07219759884565902
3 0.231271109350402 0.14617986051368517 0.12142712242516801 0.09893222298359877
3 0.24828428530428628 0.2254289249225779 0.11665835071532754 0.11065971086424237
3 0.26789209345142323 0.3121114753473412 0.11869759432115212 0.09470303491681148
1 0.2951383656379715 0.3971542015837783 0.14857170261018926 0.10658122365259326
3 0.30226358760828753 0.4815224482663988 0.1352043905412194 0.10371153132302235
3 0.3095937876021444 0.5668455029539458 0.14434251454340213 0.10385169554857732
3 0.3174145623854434 0.6870216839787027 0.13100681236318173 0.17749627120909162
3 0.3772603104174086 0.03992797416581281 0.13628355782732599 0.07479749935370322
1 0.39133898024373615 0.11481295459715499 0.14366276667479388 0.1091705875310543
1 0.4206998464636781 0.20040053279143696 0.12019725428392336 0.09320337495404024
1 0.42052647832888684 0.2833392016240637 0.14516242663756518 0.107670927568283
3 0.45268168645083057 0.36333282769955044 0.11910755036823362 0.09661265092666427
1 0.45366810434450655 0.44702132651356274 0.13629409445690915 0.10030225535039827
1 0.4729307702425478 0.522791032837054 0.1327446542587301 0.0922538352639054
3 0.401642644842509 0.6699384259120409 0.10904095993508256 0.16002939866930632
3 0.49425375300557994 0.6360733114889936 0.07218706221607579 0.09018298176933126
3 0.6156277060295007 0.027568207076172385 0.13779375441968056 0.05513641415234477
3 0.6240476099390473 0.08682898307929099 0.11337870233867509 0.09538278278541967
3 0.641130868005709 0.1710570655363566 0.11610823044269103 0.09961197085220691
1 0.6676921240088575 0.24825634970984156 0.14407272272187543 0.11108020354090709
1 0.6919390762698632 0.33793822006014745 0.1412135670218877 0.12321764746863229
3 0.7022685961892626 0.4186221306338256 0.14243289853354923 0.10344173950149577
1 0.705574586139873 0.5038102894106092 0.11678797831129917 0.09429307886972987
3 0.7236827343242387 0.5928124118923069 0.1221068702937762 0.09361333100112179
1 0.7477299768764951 0.6955217203772786 0.14340351148285035 0.14190385152007912
1 0.7183027028380806 0.7957275520409415 0.15841064774014646 0.15241200788906129
1 0.6074854287834219 0.8424904770026829 0.11789875548615536 0.14189331489049595
1 0.5297465609668836 0.8851485731788171 0.11462964373908607 0.15212114280836841
3 0.45289241904249433 0.9226226732832378 0.11694921579602058 0.15444071486530286
3 0.37834731254545617 0.9336319410712454 0.09907238720915362 0.13056524642735057
3 0.7909155260456128 0.9059894375081722 0.10547044647773718 0.10097146658942324
1 0.8745286744320561 0.8860417554267311 0.11010959059160585 0.10561061070329214
3 0.7718763449031292 0.013009499089985777 0.12565631049195525 0.026018998179971553
3 0.7896393508383992 0.05327740101658979 0.13138515852151367 0.10289161922885925
1 0.7915805767370016 0.13676092180706131 0.1483019107886625 0.11380973164492308
3 0.820871360844166 0.21736948195317043 0.13943357860800676 0.10644105942703835
3 0.8357051289666708 0.30507692249563756 0.13520439054121935 0.10371153132302241
1 0.8534681349019408 0.3831662008760631 0.12865563041749783 0.09866243116207207
1 0.8515253149828517 0.4764728618521171 0.15198097858281345 0.10549151973690352
1 0.8797263951743264 0.5613106100650134 0.15784999083792695 0.11585951188033083
1 0.9159758954522941 0.6464181500994364 0.1399836988806431 0.11748879943907387
3 0.9453783681107502 0.7276363760013762 0.10924326377849969 0.11925825122337175
1 0.9602664134016576 0.8389985020138799 0.07946717319668462 0.15296212816169774
