3 0.31721548919200937 0.14492465505586113 0.13477930749765593 0.10795647309026807
3 0.312793477226158 0.22395683881009465 0.12092556547945515 0.09793456455883698
3 0.29267552730113894 0.30659969364384443 0.12284148222283997 0.09601864781545216
3 0.28140036512860506 0.3864792545661436 0.10331371077690255 0.09565004380336312
1 0.23226721104374642 0.45392337479730666 0.15220686019416407 0.10047710812277322
3 0.21216769131933175 0.5355898410587595 0.1463485287603828 0.10036652691914649
1 0.20680615118239248 0.6126508174677948 0.1228046218216311 0.09406587067085836
3 0.17508211959343753 0.6892141784605099 0.14049019732660156 0.10025594571551988
1 0.15490887906660505 0.7747861990111503 0.09513399818643842 0.07597483075259004
3 0.14085199278201616 0.8467993607532611 0.12074126347341063 0.08817067883586827
1 0.14129349347704476 0.9269000840828137 0.12066754267099283 0.08426512454668067
3 0.5374369817165963 0.17252320612759256 0.1156938608662253 0.13102119481330404
3 0.6250539304148526 0.18785136419414958 0.0999242021046397 0.12291520302525777
3 0.7006040424340618 0.2215097427270938 0.107993333491477 0.13673208464224967
3 0.7782912336039094 0.24544109593827815 0.10007164370947519 0.13072631160363274
1 0.8561442965791972 0.2605849519987906 0.09623981022270567 0.13455814509040248
3 0.93781076284065 0.2806844717232053 0.0921499539274735 0.12472053856501591
3 0.9638843879348289 0.4345488137925527 0.07223122413034211 0.138058234966292
3 0.900854202518987 0.42747408911887763 0.09001287477683517 0.11491979244083822
1 0.8216196986178436 0.38202532691595303 0.11407282733251178 0.14855932871343885
3 0.7387556813768404 0.37362403985849646 0.09616608942028781 0.130652590801215
3 0.6669083914401697 0.3507796564232356 0.10397719799866278 0.1308000324060506
1 0.5902160190432234 0.32589034484035884 0.11027785424695091 0.15434393934480234
1 0.508328390374517 0.3175074879835067 0.1058193939396298 0.12497856137347824
1 0.4058599964669846 0.6750123229295202 0.0902708975852976 0.12858923245299447
1 0.48087604472840395 0.685218945526735 0.08864986405158409 0.1461273663531294
3 0.5709614041284397 0.7250121085025272 0.08968113116595522 0.09734479813949448
3 0.6459405919886501 0.7371715082443357 0.10405091880108064 0.13470558669523802
3 0.7254331186982557 0.768950830435104 0.08772835402136137 0.0973079377382855
1 0.8005413179626972 0.7742755101708344 0.10596683554446551 0.13278966995185315
3 0.8760545695806976 0.8098866658483723 0.09760282094795691 0.1033505711781113
3 0.9488598178890608 0.8337258680565345 0.08397024133700948 0.10504532551424273
3 0.9220013592596815 0.6525226459628746 0.0974553793431212 0.09553946259973634
3 0.8401321607915796 0.6431634005337256 0.10180325844681559 0.11904650913727921
3 0.766608546719382 0.6056363281128028 0.09380784786239615 0.1091351818094749
1 0.6868579972013139 0.5875264459341907 0.09362354585635146 0.09937129608650608
1 0.6080838362555427 0.5694349939561831 0.09627667062391454 0.13651092223499628
1 0.5313177430561786 0.5484512366624938 0.08997601437562641 0.11296701529624453
1 0.4359265461807562 0.5310228598465074 0.08260723061175829 0.13625289942653396
1 0.3451195245389728 0.891678022916665 0.10990925023486187 0.13481616789886486
1 0.43281019403964704 0.9031006266940345 0.09752910014553906 0.09944501688892393
3 0.505523291344988 0.9318217717636811 0.09174448951417563 0.10323998997448469
3 0.5912243232998595 0.9451602922844354 0.08791265602740594 0.10707182346125443
1 0.6642323038148716 0.958155479965018 0.10113977122505535 0.08368904006996392
