3 0.5125596157423764 0.8658298974453891 0.18937447704290794 0.20886305080015397
3 0.6688841675201159 0.7294266445438768 0.08421746443138085 0.08908960787069234
3 0.24961043846141875 0.8589608878903341 0.14874669348002523 0.15361883691933675
1 0.21922615830609465 0.7375866618536451 0.11027543037502743 0.10174917935623248
3 0.2312800770346044 0.6521944090882508 0.14311578589168178 0.1260632838540916
0 0.5541526178907583 0.5894058012429284 0.1536055011582204 0.2132892582897859
1 0.22896390223457758 0.3911222010034076 0.11993982761737054 0.14186447309427205
3 0.9279961515996812 0.8814082436411479 0.10658804585796204 0.09806179483916697
2 0.10651478114182966 0.3108882483544445 0.14583140887310808 0.11781658409706712
2 0.3994423099117809 0.19521160871168064 0.12230934546186263 0.12474541718151835
3 0.7376634361778777 0.10217513116903576 0.1216836890631579 0.12168368906315785
3 0.9084344185519226 0.7466589294957013 0.09440768725968347 0.11024215343744555
