2 0.3841126710146503 0.7865037948544362 0.28888528807478603 0.29812509867312753
2 0.17171938843484952 0.6729753648650465 0.29538779559939965 0.30308763776468417
2 0.6361064806337111 0.5190406345989568 0.3838587983991339 0.44391756728835374
2 0.42945325589271366 0.6322923298364511 0.2110585176956395 0.18333908590061498
2 0.3372358756011246 0.5479009295253243 0.1646862641750595 0.17238610634034413
2 0.25694101173719197 0.3367633460959667 0.3224596137277142 0.3470991086566249
2 0.9511014364925031 0.8646148251484319 0.09779712701499377 0.1247487448736877
2 0.9815412280349043 0.7917355341671701 0.03691754393019142 0.1591401174568391
2 0.8421365601973037 0.1949224491537263 0.2547988953659588 0.28405829559404017
2 0.8548610638615115 0.04388519443688624 0.13898498121628855 0.08777038887377248
