3 0.763671875 0.109375 0.09765625 0.08203125
3 0.751953125 0.193359375 0.10546875 0.078125
2 0.9228515625 0.220703125 0.154296875 0.2265625
3 0.958984375 0.41015625 0.07421875 0.08203125
1 0.947265625 0.5322265625 0.1015625 0.134765625
1 0.8369140625 0.4521484375 0.115234375 0.115234375
1 0.8857421875 0.5712890625 0.064453125 0.115234375
3 0.8076171875 0.5859375 0.130859375 0.09375
3 0.7041015625 0.5908203125 0.107421875 0.123046875
1 0.7041015625 0.3544921875 0.146484375 0.201171875
3 0.5517578125 0.53125 0.115234375 0.10546875
3 0.466796875 0.6162109375 0.125 0.138671875
3 0.3974609375 0.671875 0.123046875 0.09375
3 0.359375 0.7314453125 0.1015625 0.091796875
3 0.244140625 0.8515625 0.10546875 0.109375
1 0.16796875 0.88671875 0.10546875 0.12890625
0 0.8876953125 0.7275390625 0.216796875 0.177734375
2 0.70703125 0.72265625 0.13671875 0.109375
3 0.5341796875 0.806640625 0.080078125 0.12109375
3 0.46484375 0.859375 0.1171875 0.12109375
3 0.3857421875 0.8955078125 0.091796875 0.126953125
3 0.3291015625 0.9443359375 0.115234375 0.111328125
1 0.845703125 0.947265625 0.16796875 0.1015625
1 0.6591796875 0.9765625 0.083984375 0.046875
3 0.513671875 0.9541015625 0.1015625 0.091796875
