3 0.90625 0.4873046875 0.11328125 0.103515625
1 0.8544921875 0.416015625 0.146484375 0.125
3 0.8193359375 0.330078125 0.119140625 0.1171875
3 0.7666015625 0.263671875 0.142578125 0.13671875
3 0.716796875 0.181640625 0.1484375 0.1328125
3 0.68359375 0.0927734375 0.12890625 0.115234375
1 0.94140625 0.9404296875 0.1171875 0.119140625
1 0.8720703125 0.8662109375 0.150390625 0.134765625
1 0.830078125 0.8125 0.1171875 0.1171875
3 0.775390625 0.732421875 0.1328125 0.09375
3 0.744140625 0.650390625 0.1171875 0.10546875
3 0.7041015625 0.572265625 0.115234375 0.1171875
1 0.669921875 0.49609375 0.125 0.109375
1 0.6396484375 0.419921875 0.142578125 0.1328125
3 0.59375 0.349609375 0.10546875 0.109375
3 0.560546875 0.2822265625 0.17578125 0.134765625
3 0.5029296875 0.205078125 0.126953125 0.109375
3 0.4794921875 0.123046875 0.162109375 0.125
3 0.4521484375 0.0625 0.123046875 0.109375
1 0.6376953125 0.9208984375 0.142578125 0.138671875
3 0.62890625 0.80859375 0.0859375 0.08203125
3 0.541015625 0.962890625 0.0703125 0.07421875
3 0.37109375 0.9521484375 0.15234375 0.095703125
1 0.38671875 0.8896484375 0.12109375 0.103515625
3 0.4267578125 0.7919921875 0.103515625 0.083984375
3 0.4755859375 0.73046875 0.080078125 0.0859375
1 0.115234375 0.9130859375 0.15625 0.126953125
3 0.1572265625 0.841796875 0.134765625 0.125
3 0.19140625 0.771484375 0.12890625 0.10546875
3 0.228515625 0.689453125 0.125 0.10546875
3 0.2451171875 0.60546875 0.158203125 0.12890625
1 0.2841796875 0.5244140625 0.146484375 0.115234375
3 0.3232421875 0.44921875 0.142578125 0.109375
1 0.32421875 0.34375 0.15625 0.13671875
3 0.04296875 0.6748046875 0.08203125 0.126953125
3 0.052734375 0.5888671875 0.1015625 0.107421875
3 0.0771484375 0.5068359375 0.123046875 0.103515625
3 0.1162109375 0.4267578125 0.126953125 0.111328125
3 0.1689453125 0.337890625 0.166015625 0.125
3 0.1748046875 0.263671875 0.138671875 0.1171875
3 0.2177734375 0.1728515625 0.146484375 0.115234375
