1 0.546875 0.3296875 0.14375 0.13437500000000005
1 0.7203125 0.58125 0.190625 0.15625
1 0.696875 0.17812499999999998 0.159375 0.15937500000000004
1 0.7984375 0.34453125 0.15625 0.1609375
1 0.85234375 0.43046875 0.1515625 0.1453125
1 0.91875 0.08671875000000001 0.1625 0.17343750000000002
1 0.33828125 0.0859375 0.2703125 0.171875
3 0.25859374999999996 0.3953125 0.1484375 0.15937499999999996
3 0.1359375 0.18671875000000004 0.23125000000000004 0.2109375
3 0.04531249999999998 0.28671875 0.09062499999999996 0.2421875
3 0.3296875 0.4515625 0.1625 0.15937500000000004
3 0.75703125 0.66875 0.1796875 0.134375
3 0.90078125 0.4921875 0.1984375 0.1375
3 0.9296875 0.578125 0.140625 0.16875
3 0.87421875 0.84375 0.2328125 0.18125
1 0.30234375 0.7765625 0.18281250000000004 0.1875
3 0.3890625 0.54609375 0.203125 0.1453125
1 0.09218749999999998 0.53671875 0.14375000000000004 0.2015625
1 0.50625 0.7328125 0.184375 0.140625
3 0.440625 0.6328125 0.1625 0.1625
3 0.57109375 0.875 0.2671875 0.25
3 0.4234375 0.92109375 0.209375 0.1578125
3 0.16875 0.72421875 0.13750000000000007 0.2171875
3 0.05859375 0.9109375 0.10468750000000004 0.178125
