2 0.09969227939567596 0.5300744094180743 0.19938455879135192 0.3588592663084374
2 0.23088534303096822 0.7944220729981073 0.31385633000225355 0.35845012253971065
2 0.6752693599328051 0.4604220001729836 0.2714629723867126 0.28231011111203996
2 0.8813487086700444 0.30322694352989366 0.23730258265991128 0.4293269090520019
0 0.5076045448475555 0.3395044508770212 0.1790052912009644 0.17659481592866944
2 0.5829663948253403 0.30034942588675523 0.1849734208765991 0.19099960905733665
2 0.6604747225694503 0.24727474245918657 0.20099532964314815 0.20461104255159063
2 0.7415255065323725 0.1925539141411849 0.21928120030273135 0.2289231013919113
2 0.8027769572565152 0.14083098172902436 0.23735976484494375 0.2108445368496989
2 0.3662423430771503 0.9106241300847042 0.2696662127675076 0.1787517398305914
