1 0.296875 0.16171875 0.14375 0.1265625
1 0.47265625 0.22421875 0.1828125 0.1484375
1 0.55390625 0.290625 0.1765625 0.16875
1 0.7125 0.596875 0.1125 0.08125
1 0.80625 0.83828125 0.140625 0.1046875
1 0.89375 0.5296875 0.1625 0.121875
1 0.66953125 0.3625 0.1359375 0.1
1 0.46171875 0.72265625 0.13281250000000006 0.1140625
3 0.12656250000000002 0.4390625 0.12812500000000004 0.146875
3 0.2953125 0.35234375 0.140625 0.1171875
3 0.17578125 0.06171875 0.09843749999999998 0.1078125
3 0.4140625 0.5109375 0.128125 0.10625
3 0.41875 0.81015625 0.121875 0.0984375
3 0.3984375 0.91640625 0.11874999999999995 0.1109375
3 0.13906249999999998 0.90078125 0.15937500000000004 0.1609375
3 0.20390625 0.54296875 0.13593749999999996 0.0984375
3 0.7375 0.90078125 0.14375 0.0984375
3 0.66328125 0.8390625 0.1015625 0.09375
3 0.60703125 0.63046875 0.1328125 0.1109375
1 0.93359375 0.65546875 0.0984375 0.1109375
3 0.86484375 0.96015625 0.1234375 0.0796875
3 0.65625 0.9453125 0.1625 0.109375
1 0.58359375 0.78046875 0.1390625 0.1046875
3 0.23750000000000004 0.73125 0.15625 0.15
3 0.29218750000000004 0.93203125 0.109375 0.1109375
3 0.240625 0.91484375 0.09375000000000003 0.1046875
3 0.95625 0.92734375 0.0875 0.1390625
3 0.1375 0.596875 0.09062500000000007 0.059375
