1 0.309375 0.55546875 0.184375 0.1734375
1 0.3359375 0.64453125 0.171875 0.1796875
1 0.13828124999999997 0.67421875 0.10781249999999998 0.1640625
1 0.04609374999999999 0.52265625 0.09218749999999998 0.1578125
1 0.5046875 0.45234375 0.11875 0.1578125
1 0.421875 0.68515625 0.096875 0.0984375
1 0.37578125 0.7234375 0.0984375 0.103125
3 0.634375 0.6796875 0.184375 0.153125
3 0.84765625 0.55078125 0.1203125 0.1578125
3 0.7671875 0.1109375 0.209375 0.14375
3 0.43828125 0.359375 0.17968750000000006 0.19375
3 0.375 0.28671875 0.16875 0.1609375
3 0.7171875 0.37734375 0.15 0.1703125
3 0.93984375 0.246875 0.1203125 0.18125
2 0.90703125 0.85234375 0.1578125 0.1984375
3 0.921875 0.49140625 0.14375 0.1796875
3 0.53515625 0.1390625 0.1359375 0.178125
3 0.18046875 0.30234375 0.10468749999999996 0.1234375
3 0.09296874999999999 0.31640625 0.11093750000000002 0.1515625
1 0.28125 0.91796875 0.140625 0.1421875
