2 0.548828125 0.373046875 0.22265625 0.125
2 0.4599609375 0.4130859375 0.208984375 0.123046875
2 0.5322265625 0.1845703125 0.228515625 0.166015625
3 0.3984375 0.2822265625 0.0859375 0.119140625
1 0.1591796875 0.8447265625 0.146484375 0.111328125
3 0.1513671875 0.9599609375 0.154296875 0.072265625
3 0.9111328125 0.80078125 0.087890625 0.08984375
3 0.1435546875 0.6669921875 0.130859375 0.095703125
3 0.056640625 0.7001953125 0.0703125 0.080078125
3 0.2021484375 0.5771484375 0.091796875 0.095703125
3 0.515625 0.634765625 0.12109375 0.08203125
1 0.201171875 0.416015625 0.046875 0.046875
3 0.12109375 0.2978515625 0.08984375 0.142578125
3 0.212890625 0.3681640625 0.0546875 0.060546875
3 0.96875 0.443359375 0.05859375 0.203125
3 0.595703125 0.955078125 0.1015625 0.078125
