0 0.5953125 0.8328125 0.128125 0.21875
2 0.72265625 0.83984375 0.1859375 0.3140625
0 0.76640625 0.47109375 0.1734375 0.1890625
0 0.77265625 0.34765625 0.1359375 0.13906250000000003
0 0.75703125 0.18593749999999998 0.1546875 0.26875000000000004
0 0.740625 0.04531249999999998 0.165625 0.09062499999999996
0 0.57421875 0.49921875 0.1484375 0.1640625
0 0.56796875 0.36015625 0.1578125 0.18281249999999996
0 0.5671875 0.24765625 0.146875 0.11406249999999996
0 0.54296875 0.15781250000000002 0.1390625 0.15312499999999996
0 0.54375 0.05703124999999998 0.140625 0.11406249999999996
2 0.06640625 0.58671875 0.1328125 0.3890625
0 0.2984375 0.4734375 0.2375 0.35
