1 0.57109375 0.81484375 0.1015625 0.1484375
1 0.4828125 0.78125 0.11875 0.2125
1 0.39453125 0.77578125 0.1203125 0.1578125
1 0.59453125 0.5921875 0.1078125 0.15625
1 0.50390625 0.584375 0.1078125 0.2
1 0.3125 0.53203125 0.153125 0.2046875
1 0.05312499999999998 0.853125 0.10624999999999996 0.128125
1 0.22265625 0.69765625 0.1703125000000001 0.2015625
1 0.12421875 0.65078125 0.13906249999999998 0.1828125
1 0.23359375 0.49375 0.15156249999999993 0.1875
1 0.1765625 0.434375 0.15937499999999996 0.178125
1 0.59765625 0.3921875 0.1453125 0.125
1 0.61171875 0.3015625 0.1609375 0.1
1 0.61875 0.2140625 0.171875 0.10625000000000004
1 0.62734375 0.1328125 0.1796875 0.10000000000000009
1 0.65234375 0.04999999999999999 0.1734375 0.09999999999999998
0 0.953125 0.13515625000000003 0.09375 0.13906249999999995
0 0.87734375 0.11875000000000002 0.0578125 0.12187499999999996
1 0.1921875 0.16015625 0.13124999999999998 0.16093749999999998
1 0.3875 0.3125 0.15625000000000006 0.171875
1 0.40703125 0.14140625 0.1234375 0.14531250000000007
1 0.35078125 0.08281249999999996 0.10156249999999996 0.125
3 0.47421875 0.36328125 0.1203125 0.14218749999999997
1 0.32109375 0.26406250000000003 0.1234375 0.15000000000000002
3 0.26171875 0.21875 0.12343750000000009 0.1656249999999999
1 0.48203125 0.1953125 0.1484375 0.18437499999999998
1 0.05312499999999998 0.609375 0.10624999999999996 0.15625
1 0.05156250000000001 0.3296875 0.10312500000000002 0.209375
1 0.11171874999999998 0.36484375 0.1171875 0.1484375
3 0.234375 0.9390625 0.1468750000000001 0.121875
3 0.453125 0.959375 0.09375 0.08125
3 0.371875 0.95078125 0.1 0.0984375
2 0.78203125 0.9578125 0.1015625 0.084375
0 0.7875 0.875 0.134375 0.109375
0 0.82421875 0.7796875 0.1390625 0.121875
0 0.821875 0.63359375 0.115625 0.1171875
0 0.8375 0.540625 0.096875 0.115625
0 0.85078125 0.44453125 0.0953125 0.11718749999999996
0 0.8546875 0.33359375 0.109375 0.1328125
3 0.1421875 0.07890625000000001 0.14062499999999997 0.15781250000000002
3 0.2734375 0.05937500000000001 0.11874999999999991 0.11875000000000002
1 0.40703125 0.5734375 0.1234375 0.203125
