0 0.334375 0.328125 0.340625 0.340625
0 0.81484375 0.08046875 0.2734375 0.1609375
1 0.20703125 0.58984375 0.14531249999999998 0.1703125
1 0.11484374999999995 0.49765625 0.15781250000000002 0.1828125
1 0.14453125 0.6359375 0.14531249999999998 0.178125
1 0.09140625000000002 0.6875 0.1640625 0.190625
1 0.05703124999999998 0.75859375 0.11406249999999996 0.1765625
1 0.93828125 0.234375 0.1234375 0.165625
1 0.84921875 0.35546875 0.1453125 0.1703125
1 0.80078125 0.40234375 0.1890625 0.1578125
1 0.725 0.4484375 0.153125 0.165625
1 0.60546875 0.55 0.1890625 0.165625
1 0.5625 0.60234375 0.171875 0.1796875
1 0.49921875 0.6453125 0.1796875 0.171875
1 0.43515625 0.69921875 0.1796875 0.1859375
1 0.37421875 0.746875 0.17968749999999994 0.16875
1 0.32578125 0.8078125 0.1796875 0.171875
1 0.26484375000000004 0.8578125 0.1484375 0.16875
1 0.19296875000000002 0.9109375 0.20781249999999996 0.178125
1 0.70625 0.63671875 0.15 0.1359375
1 0.54140625 0.81875 0.1328125 0.15625
1 0.48515625 0.865625 0.1265625 0.153125
1 0.425 0.90625 0.14062499999999994 0.171875
1 0.36328125 0.9328125 0.1640625 0.134375
1 0.815625 0.56640625 0.10625 0.1828125
1 0.9359375 0.50546875 0.128125 0.1640625
1 0.93125 0.72265625 0.1375 0.1703125
1 0.9609375 0.79921875 0.078125 0.1328125
1 0.80625 0.8421875 0.165625 0.1375
1 0.73203125 0.89609375 0.1515625 0.1484375
1 0.678125 0.94453125 0.153125 0.1109375
1 0.85078125 0.92578125 0.1828125 0.1484375
3 0.91875 0.971875 0.15 0.05625
3 0.65859375 0.71875 0.1171875 0.103125
3 0.58984375 0.75859375 0.1671875 0.1890625
3 0.90703125 0.44609375 0.1578125 0.1484375
1 0.8984375 0.61640625 0.178125 0.1921875
