1 0.5383851420550223 0.17821264173261123 0.10568080736702645 0.14204125297074127
3 0.7273937436402749 0.4509349333698897 0.1578848242532459 0.13271220806605866
3 0.4550883145066844 0.5096654936944025 0.17406669236288935 0.1474955974986361
3 0.30507628845134227 0.6506063579582327 0.13962788381225855 0.14382331984345642
3 0.3796139092762138 0.8168839023112935 0.17932231024401424 0.154149694056827
3 0.1378675038049399 0.8262929013292131 0.10405217577257098 0.12223239857442836
3 0.1155131022194518 0.4688443367966424 0.14760374140838556 0.1406113480230558
3 0.05158193979609649 0.5095901644919605 0.10316387959219298 0.15780810661411604
1 0.1197034537391235 0.2871313030784005 0.10136336232818843 0.0915740115887268
1 0.3391056266479616 0.26940814963721504 0.13799925221780313 0.12401446544714356
3 0.3588483920289283 0.05438627430845397 0.11969702040830554 0.0875320108357886
1 0.6018171952147534 0.025903726405620026 0.13308193116381717 0.05180745281124005
3 0.6730291561972175 0.5871747643992328 0.14628198037044948 0.14907893772458136
3 0.6499524099882099 0.7505924988569225 0.13962788381225855 0.14382331984345642
3 0.7482503032253122 0.7754739576229002 0.14726544458124669 0.15285935928951044
3 0.9116070331791817 0.7672855082821126 0.15187589507871324 0.1434850230163175
