2 0.28515625 0.25390625 0.36093749999999997 0.37343750000000003
2 0.19921875 0.08828124999999998 0.2234375 0.17656249999999996
3 0.08046874999999998 0.171875 0.16093749999999996 0.1937500000000001
2 0.571875 0.10781249999999998 0.215625 0.21562499999999996
2 0.52421875 0.234375 0.1234375 0.140625
3 0.84375 0.278125 0.15625 0.15312500000000004
1 0.78203125 0.334375 0.2015625 0.21875
1 0.53046875 0.4875 0.1765625 0.19375
1 0.13203125 0.64765625 0.14218750000000002 0.1671875
1 0.28515625 0.625 0.1359375 0.140625
1 0.634375 0.87265625 0.14375 0.1515625
1 0.7234375 0.83359375 0.171875 0.1796875
3 0.9328125 0.67578125 0.134375 0.1546875
3 0.87421875 0.7375 0.1921875 0.2
3 0.55859375 0.93984375 0.1578125 0.1203125
3 0.6953125 0.37421875 0.15625 0.1734375
1 0.609375 0.4359375 0.125 0.16875
3 0.43515625 0.5296875 0.16093749999999996 0.175
3 0.36640625 0.57890625 0.14843749999999994 0.1703125
