3 0.5458265381086376 0.6919829365756958 0.17438085378262053 0.17846067353186923
1 0.5787322214988393 0.8118557296041236 0.20763303375837952 0.19029379982407288
3 0.8213743454735211 0.7656107988725532 0.15885836645884197 0.1547785467095931
1 0.7346140628945569 0.5685201504913623 0.19932197304417318 0.18096278417255443
3 0.5280049526329567 0.46413015919204054 0.21405560581366992 0.21915538050023095
3 0.8976906074104706 0.6513795064750802 0.2046187851790588 0.23129928634278638
3 0.0450005013116897 0.22312604266287323 0.0900010026233794 0.20527440721446868
1 0.23057970538893552 0.2302854160324062 0.14983813035767563 0.1559578599815487
1 0.6827671631377157 0.15233395797992563 0.1719504851903225 0.175010350002259
3 0.8303822139293203 0.34497020213206325 0.09934226985279997 0.10648195441398536
3 0.9073411889827826 0.3837683293335867 0.13422802674764114 0.16176681005506968
