2 0.26420107994228753 0.156454491634571 0.41462232670350635 0.312908983269142
2 0.7614406942706922 0.8919807207626045 0.18925306334885317 0.20355980985586583
3 0.4482666549643869 0.4997706247861971 0.1751412733726431 0.14102518554822846
3 0.23635090200437575 0.3825850424063496 0.22198972385609855 0.22639179970441003
1 0.185130413160817 0.5540664713365384 0.16499071645304292 0.1396787803252514
3 0.14343522374948256 0.6633791207444542 0.18940902857349523 0.14208671320414581
1 0.37164729356276355 0.6813801303769218 0.164136083751864 0.1520303751690073
1 0.7938624397226695 0.7720677178254348 0.1566333767600895 0.13462299751853166
1 0.8036756013279376 0.6848883907895263 0.15390157500797502 0.1296901578422612
3 0.825005220728863 0.6000135491551428 0.16075057504134146 0.13433811995147185
1 0.8396282788799514 0.5189905238880319 0.16242084913753824 0.12500320442689014
1 0.8691922948433806 0.4395792857578775 0.14513641461751217 0.1231260353759545
1 0.8869744710971734 0.3618383217239201 0.14293537669335646 0.1253270733001103
1 0.9065108732714519 0.2716228197157572 0.14839898019758557 0.1351927526526507
1 0.9287366616438885 0.18530110998701155 0.14252667671222313 0.13368441299306374
1 0.9418873868355664 0.13817673575444867 0.11622522632886696 0.0956910439363281
1 0.732524416053703 0.9776317728440336 0.15076195255835145 0.044736454311932586
