3 0.852506172955495 0.384644383882395 0.09230209875373785 0.09973783448741325
3 0.5719368227772168 0.46722010792986873 0.1602174696600635 0.09515478199040339
3 0.2471856505119721 0.5330471552599817 0.11617368063293565 0.11059687883267905
1 0.06216534089054582 0.5877571416227636 0.12433068178109163 0.09368242935212445
3 0.09431100726977537 0.20907839215280172 0.1613032410032027 0.15944430706978385
3 0.22399410008826634 0.09201156536735972 0.13001441652589957 0.11514294505854872
3 0.4386364652426284 0.2878889063996171 0.2049604487351907 0.17707643973390785
3 0.7376108888563313 0.12601415274557348 0.17952449217782152 0.13305114384234995
3 0.8984449949112657 0.0739637807908663 0.10419187867339041 0.10419187867339053
3 0.4225497704831476 0.050312325423054305 0.14311897609972402 0.10062465084610861
