0 0.5141515792574957 0.11526560070636874 0.15421139752551757 0.16163541436865153
0 0.587763127462096 0.0403626773783384 0.1179482883460226 0.0807253547566768
2 0.6907375199296759 0.3045723857861268 0.21265941408905106 0.27502115557137596
3 0.06368619123240934 0.28223101842627 0.1273723824648187 0.17819581433869539
0 0.9304068780254514 0.7745594922664828 0.13918624394909695 0.13480081669595184
0 0.9190005101672062 0.6592225330245195 0.16199897966558757 0.20156210787116163
2 0.6604814584267215 0.5993575472943926 0.1550135121486969 0.14610469193693598
2 0.46526932639339724 0.5900735161889671 0.20597294640435998 0.20151853629847977
2 0.4942867656520692 0.7364937060807023 0.07527955102140824 0.07527955102140842
2 0.5476138247304585 0.8520098041392629 0.12334523284486779 0.13522365979388215
2 0.5634471724880865 0.9684815773686862 0.11517396179155011 0.0630368452626275
2 0.07073041280501946 0.8087036345906069 0.11980107439958446 0.15840596198388077
3 0.20439420681951143 0.8069000645298836 0.07387060195783117 0.0783250120637116
2 0.21511382530072526 0.6734097649118318 0.1225108354893206 0.11805642538344027
2 0.3077244000772749 0.567226122057249 0.08828450370585501 0.15064624518817987
3 0.3701547676559197 0.7573882983846085 0.07047815212264723 0.10462862960106314
3 0.31240478930973153 0.7922642442868675 0.07237450974889073 0.14364507144297614
3 0.04060232102808781 0.07389936035663802 0.08120464205617561 0.10778222768078427
0 0.6620033970535866 0.7111342067248886 0.12764793434064864 0.12764793434064864
2 0.6099400147431181 0.44459744447876987 0.14667924364496593 0.13480081669595165
0 0.716037306346624 0.487153192240096 0.19314069622206737 0.22580637033185652
1 0.1925843048066657 0.322527278402288 0.1309209582981012 0.13092095829810124
