3 0.32275672046155923 0.5530480765241423 0.09328007587569376 0.12476532821161401
3 0.40369961964619777 0.577344455413842 0.09153005160137828 0.14575465284657418
3 0.4799794429849369 0.5746269289031093 0.09522267264940742 0.14419973183861678
3 0.5627699180770699 0.5683143329775263 0.090559596803508 0.1167973070834416
3 0.6489603593176951 0.5861976117470111 0.10979805357516614 0.15527675139371777
3 0.732819684429864 0.5807596061640925 0.10610543252713711 0.15683167240167517
3 0.8245499008315196 0.5755162820530386 0.10299559051122209 0.16421691449773357
3 0.317694580398585 0.7675055817029858 0.08162027728847865 0.10435962619775441
3 0.40514981851459053 0.748949564569087 0.10027679861700939 0.11776860547029844
3 0.4850255548571665 0.733114026507374 0.09366775164144997 0.14789235288664604
3 0.5634430782359772 0.7321456806819702 0.08608824986802022 0.14905875453986062
3 0.6553671325205108 0.7386601285858037 0.1121300132926093 0.15935789179648963
3 0.9014057544904802 0.7356583830653995 0.09386201131882133 0.14983579324934615
3 0.8125898550438885 0.7602389809647705 0.09464158079526652 0.09988912285125329
3 0.7287309517262129 0.755862654895502 0.06918259640279145 0.09542030668272505
3 0.9010244056421233 0.564927864252819 0.076372735232492 0.10960716825374106
3 0.9729073793500047 0.7416867599813113 0.05418524129999058 0.10086126482709667
2 0.11043564993930768 0.5791781121030581 0.1929766262275487 0.17898318074491748
3 0.12004981679121743 0.7146357366654699 0.1772382180045214 0.09852508716472064
3 0.1002235194535257 0.7912061059312796 0.14886449486248932 0.08414480950532
3 0.1257766811232333 0.8602962122348115 0.11913011038987109 0.0754005932566485
3 0.12839707779528042 0.9356043153922005 0.11776944905928488 0.08103665466737797
