1 0.857581383610985 0.45741682706953124 0.11544496046169717 0.13821122060098484
3 0.9970457827292027 0.7308929516855416 0.005908434541594509 0.10655662912384922
1 0.8252957998081647 0.6495367484056962 0.12187830893337293 0.13660941843526497
1 0.7597746395239449 0.5840019120646489 0.11383008839157926 0.13257877321216915
1 0.6830990724970478 0.7878329233852686 0.1516423480431719 0.13825043031417916
3 0.6921389200403325 0.6988889769797096 0.15593560365908832 0.14120449415719638
3 0.44203390808049847 0.6273533113169822 0.1291125584879087 0.13179094203370723
3 0.7333015837338911 0.09481317123395921 0.14228107553727498 0.15969056858496555
3 0.8586003627261312 0.10663656771065672 0.11220214641706328 0.1148805299628618
2 0.5472198829753121 0.356425477355219 0.3137225499723192 0.258815687283449
2 0.4819607269314835 0.4299948581812325 0.2635296044498221 0.20996193353385117
3 0.578356394771435 0.22762127392552425 0.1030642745907927 0.09502912395339708
3 0.5894180998784667 0.14927262641114725 0.11137510552540708 0.09396561247771651
3 0.5956025140141494 0.043129364305345974 0.14225493572847892 0.08625872861069195
1 0.4612371415173989 0.21243682811218054 0.1355589768639825 0.14225493572847886
0 0.1522859575486053 0.2648209338031703 0.3045719150972106 0.40318457605889085
3 0.47768525771487585 0.8863472607670938 0.1269463258233533 0.11221521632146136
3 0.36929689079348127 0.8838982067006912 0.11729630311583966 0.1146179195700412
0 0.3807002318721516 0.7394176175854361 0.22360339175126642 0.2329777341615613
3 0.8314724666867894 0.8021837933547572 0.16185680124952084 0.16185680124952095
3 0.7855525657711823 0.9006856669846137 0.16636038764066563 0.11145352495179561
3 0.9524722146911233 0.6424344102000002 0.09505557061775327 0.10764628040832602
3 0.4840432175223102 0.06875060512758635 0.09824579818923496 0.1022633735079328
