0 0.7218802139837426 0.7222698596102528 0.20719904994810057 0.194423285254126
3 0.908688417211243 0.6653142118019412 0.1516203615184012 0.1618409732735806
3 0.7738331628455004 0.8696298053369242 0.10647475736534628 0.10902991030414111
3 0.5215770952968677 0.7667943252368188 0.14251660117121656 0.14890448351820385
1 0.27369042114130415 0.5588706418421041 0.18111359791588194 0.18622390379347165
3 0.5092372410082519 0.4803827928454698 0.1371938227721618 0.16402292862950807
3 0.5048501979069727 0.35104513969203704 0.10647475736534623 0.10902991030414111
1 0.7161216941850654 0.2618558744263197 0.1612553031692482 0.14975711494467114
3 0.813361951882767 0.15115479902109658 0.1596045291169833 0.13916330560662427
1 0.34305154640706625 0.037664770444278406 0.12175392753805281 0.07532954088855681
1 0.19891552759483036 0.02339484474853082 0.13607423002355962 0.04678968949706164
