1 0.9296875 0.53125 0.134375 0.20625
1 0.8171875 0.53125 0.125 0.203125
1 0.05625000000000002 0.5078125 0.11250000000000004 0.171875
1 0.15625 0.5078125 0.14375000000000002 0.175
1 0.2453125 0.51015625 0.13750000000000004 0.1609375
1 0.334375 0.5375 0.14687499999999995 0.1875
1 0.42109375 0.5390625 0.14531250000000004 0.171875
1 0.51484375 0.56015625 0.1578125 0.2109375
1 0.62421875 0.5546875 0.1578125 0.23125
1 0.72265625 0.53046875 0.1234375 0.1953125
1 0.95703125 0.71796875 0.0859375 0.2203125
1 0.890625 0.75390625 0.13125 0.1546875
1 0.81640625 0.78046875 0.1328125 0.1953125
1 0.7265625 0.77421875 0.109375 0.2078125
1 0.63984375 0.77421875 0.1203125 0.2015625
1 0.5546875 0.7765625 0.121875 0.20625
1 0.46484375 0.7828125 0.1046875 0.2125
1 0.3765625 0.7578125 0.109375 0.190625
1 0.28984375 0.7625 0.11406250000000004 0.16875
1 0.19687499999999997 0.7453125 0.11875000000000005 0.16875
1 0.11406249999999996 0.73515625 0.125 0.1640625
1 0.04765625000000001 0.7296875 0.09531250000000002 0.18125
1 0.33515625000000004 0.9546875 0.1171875 0.090625
1 0.2453125 0.946875 0.12187500000000004 0.10625
1 0.95703125 0.94921875 0.0859375 0.1015625
1 0.86875 0.9546875 0.11875 0.090625
1 0.79140625 0.96328125 0.1265625 0.0734375
1 0.6890625 0.965625 0.1375 0.06875
1 0.6015625 0.9671875 0.103125 0.065625
3 0.509375 0.95859375 0.096875 0.0828125
3 0.421875 0.94765625 0.096875 0.1046875
3 0.16015625 0.9328125 0.10781250000000009 0.134375
3 0.07500000000000001 0.928125 0.12812499999999993 0.14375
0 0.503125 0.20625 0.125 0.3875
0 0.25390625 0.2546875 0.18281250000000002 0.184375
0 0.109375 0.21796875 0.21875 0.1484375
0 0.92890625 0.2734375 0.1265625 0.134375
