1 0.6931950049646384 0.41979915809628343 0.14600547808531483 0.13478558609119778
3 0.6832094158594606 0.5755737167382062 0.1815097723709299 0.1492525828878435
3 0.6404381349853194 0.7138004500442194 0.20146039179206265 0.16499574281118246
3 0.606090145154317 0.8350394411433433 0.19432163592316842 0.1578569869422881
3 0.4378290681268858 0.18235885202440294 0.10329926624451974 0.10610423924304901
3 0.3367914358469771 0.22988548878368617 0.09817786964264469 0.11360522113455557
3 0.11252712669700773 0.3756892950684725 0.11069066885855666 0.14154537184237842
3 0.21154549236283676 0.4648141641521827 0.10270113757186661 0.1447757325498054
3 0.4290462010675047 0.516970998111788 0.1072708230922727 0.12830812058124208
3 0.9663927291882999 0.1795782525092169 0.06721454162340024 0.1297737687667923
1 0.19395887882398496 0.00810986707979433 0.1425224706327453 0.01621973415958866
