1 0.8321865676474736 0.37181403918913536 0.15896063826311435 0.1749001721705019
3 0.7337902787872238 0.7135995660388265 0.19571556174650717 0.21484300243537224
3 0.4828767410332431 0.7091065264995826 0.14310922040692065 0.1478910805791368
1 0.20927580605793947 0.5887424674405795 0.1289731636398624 0.1417247907657725
2 0.1704824166932133 0.7970960752703895 0.20594114498691463 0.20912905176839214
1 0.0866628026694525 0.39128413240294124 0.16849694640555163 0.2195034549091916
3 0.38289237822746247 0.9218033614562224 0.12572455300918645 0.13369431996288028
1 0.6448725339428167 0.9407927083296886 0.16142597829941863 0.11841458334062271
1 0.9485421851553981 0.17005164811707865 0.10291562968920376 0.11742385460750521
1 0.9667786536524922 0.3653696951211921 0.06644269269501568 0.14094152017140066
1 0.9791278791028226 0.2696218503568639 0.041744241794354875 0.09056358291653238
1 0.3682863817918586 0.355475998027332 0.10939338380461305 0.1364905914471719
