3 0.53828125 0.83046875 0.2703125 0.1890625
3 0.2984375 0.66015625 0.19062500000000004 0.2546875
3 0.828125 0.68046875 0.1875 0.1609375
3 0.4234375 0.53828125 0.125 0.1421875
3 0.18046875 0.3578125 0.2046875 0.171875
2 0.05156250000000001 0.653125 0.10312500000000002 0.140625
3 0.465625 0.19687500000000002 0.2125 0.33125000000000004
3 0.2 0.08359375000000002 0.09999999999999998 0.15156250000000004
3 0.07265624999999998 0.06406250000000002 0.14531249999999996 0.12812500000000004
3 0.88828125 0.0625 0.1421875 0.125
1 0.9015625 0.83515625 0.1375 0.1484375
1 0.87265625 0.29140625 0.1265625 0.13593750000000004
1 0.73359375 0.25390625 0.1421875 0.2703125
1 0.34609375 0.4359375 0.0859375 0.121875
1 0.3390625 0.9265625 0.228125 0.146875
1 0.61953125 0.296875 0.0859375 0.15625
