0 0.7997606009798516 0.15401539098057668 0.31222354855478524 0.23712418893881893
3 0.7774847574142119 0.46233905075428205 0.16172579703182138 0.17528540362914868
1 0.8796036209039336 0.6319950659757225 0.15358084238295736 0.1483656090762932
3 0.9266979435539847 0.7164396019561242 0.09470241405037853 0.146854747117022
1 0.39228252724496315 0.6428973447667692 0.15153309143974023 0.16404965137573466
1 0.3111550376093578 0.7114009540725915 0.13441487193992446 0.13441487193992457
3 0.375904468743171 0.8615880653518557 0.13953039592568928 0.14683172255501936
3 0.22279900489520715 0.5124437763852097 0.22711558417109093 0.20729769760576655
3 0.636209639716116 0.8105669281506096 0.28162240721653936 0.24824491405388754
3 0.5503232676266171 0.9125886440769133 0.22502949084842508 0.17482271184617346
