3 0.16796875 0.753125 0.09218750000000009 0.15625
1 0.60625 0.21875 0.146875 0.1375
3 0.65859375 0.54296875 0.1140625 0.1328125
3 0.3171875 0.0515625 0.16875 0.096875
3 0.15468749999999998 0.09296875 0.09687500000000004 0.1484375
3 0.42421875 0.253125 0.1328125 0.1125
3 0.39296875 0.146875 0.1328125 0.096875
3 0.44296875 0.503125 0.1234375 0.10625
2 0.88828125 0.5953125 0.1546875 0.278125
3 0.603125 0.78984375 0.128125 0.1359375
3 0.34296875 0.59140625 0.19218750000000004 0.1484375
1 0.2125 0.51171875 0.12187499999999996 0.1265625
