1 0.794921875 0.482421875 0.095703125 0.09765625
1 0.8564453125 0.046875 0.087890625 0.083984375
3 0.6455078125 0.2451171875 0.06640625 0.064453125
3 0.552734375 0.23828125 0.0703125 0.083984375
3 0.4541015625 0.2705078125 0.05859375 0.095703125
3 0.3662109375 0.287109375 0.08203125 0.09765625
3 0.4189453125 0.0859375 0.072265625 0.0625
3 0.265625 0.287109375 0.068359375 0.109375
3 0.3046875 0.46484375 0.12109375 0.119140625
3 0.4111328125 0.5419921875 0.080078125 0.0859375
3 0.4765625 0.6865234375 0.078125 0.080078125
3 0.533203125 0.78515625 0.09375 0.087890625
3 0.6162109375 0.55859375 0.10546875 0.095703125
3 0.5703125 0.4345703125 0.078125 0.125
3 0.7080078125 0.662109375 0.08203125 0.0859375
3 0.615234375 0.818359375 0.095703125 0.083984375
3 0.7021484375 0.8818359375 0.1171875 0.115234375
1 0.794921875 0.927734375 0.1015625 0.099609375
3 0.94140625 0.693359375 0.095703125 0.11328125
3 0.8681640625 0.962890625 0.099609375 0.068359375
3 0.0595703125 0.13671875 0.09375 0.07421875
3 0.099609375 0.3447265625 0.091796875 0.125
3 0.8564453125 0.2666015625 0.072265625 0.111328125
3 0.7421875 0.3056640625 0.0625 0.068359375