1 0.8076171875 0.720703125 0.166015625 0.072265625
3 0.865234375 0.8662109375 0.1796875 0.125
2 0.53125 0.4130859375 0.28125 0.3203125
1 0.3955078125 0.201171875 0.125 0.0859375
1 0.51953125 0.07421875 0.099609375 0.078125
1 0.23828125 0.189453125 0.07421875 0.119140625
1 0.123046875 0.1845703125 0.05078125 0.103515625
1 0.2666015625 0.4677734375 0.109375 0.099609375
1 0.234375 0.634765625 0.115234375 0.09375
1 0.32421875 0.755859375 0.0859375 0.06640625
3 0.083984375 0.90625 0.083984375 0.103515625
3 0.0478515625 0.724609375 0.091796875 0.115234375
3 0.03515625 0.59375 0.06640625 0.087890625
3 0.025390625 0.494140625 0.046875 0.091796875