3 0.146484375 0.1591796875 0.166015625 0.1640625
3 0.1171875 0.3056640625 0.197265625 0.16015625
3 0.2958984375 0.3916015625 0.12890625 0.14453125
3 0.3134765625 0.1494140625 0.107421875 0.046875
3 0.3603515625 0.060546875 0.087890625 0.08203125
3 0.5498046875 0.1181640625 0.134765625 0.10546875
3 0.658203125 0.16796875 0.08984375 0.103515625
3 0.7392578125 0.205078125 0.10546875 0.107421875
3 0.810546875 0.2294921875 0.130859375 0.14453125
3 0.87109375 0.2724609375 0.119140625 0.115234375
3 0.443359375 0.2783203125 0.10546875 0.103515625
3 0.5087890625 0.3125 0.107421875 0.119140625
3 0.583984375 0.3427734375 0.095703125 0.09765625
3 0.6474609375 0.380859375 0.115234375 0.107421875
3 0.712890625 0.4140625 0.099609375 0.11328125
3 0.3671875 0.416015625 0.138671875 0.13671875
3 0.4443359375 0.4453125 0.130859375 0.142578125
3 0.5029296875 0.484375 0.12109375 0.134765625
3 0.5830078125 0.5126953125 0.12109375 0.14453125
3 0.642578125 0.5478515625 0.107421875 0.12109375
3 0.71484375 0.5947265625 0.12109375 0.126953125
3 0.8154296875 0.6357421875 0.12890625 0.109375
3 0.138671875 0.677734375 0.0625 0.1015625
3 0.22265625 0.71875 0.099609375 0.107421875
3 0.275390625 0.7900390625 0.099609375 0.0859375
3 0.359375 0.8076171875 0.107421875 0.125
3 0.421875 0.8408203125 0.12109375 0.13671875
3 0.49609375 0.8759765625 0.11328125 0.1171875
3 0.5556640625 0.9072265625 0.111328125 0.134765625
3 0.1376953125 0.5341796875 0.12109375 0.126953125
3 0.2138671875 0.56640625 0.134765625 0.142578125
3 0.2861328125 0.5947265625 0.12109375 0.130859375
3 0.353515625 0.6259765625 0.1171875 0.125
3 0.4111328125 0.671875 0.115234375 0.12890625
3 0.4892578125 0.697265625 0.13671875 0.140625
3 0.5458984375 0.73828125 0.1328125 0.154296875
3 0.62109375 0.76171875 0.111328125 0.115234375
3 0.736328125 0.787109375 0.154296875 0.126953125
3 0.923828125 0.9462890625 0.140625 0.103515625
3 0.048828125 0.7255859375 0.09375 0.109375
3 0.1611328125 0.912109375 0.134765625 0.103515625