0 0.25133338341346145 0.2928936298076923 0.3521259014423077 0.3004807692307692
3 0.5522836538461537 0.42810997596153844 0.11831430288461553 0.15024038461538458
2 0.7100360576923077 0.5088641826923077 0.15963040865384626 0.18028846153846156
2 0.8260028545673076 0.6379770132211539 0.17183743990384603 0.17934945913461542
0 0.9119215745192307 0.6910306490384615 0.13897235576923062 0.1934344951923076
0 0.06822791466346151 0.5952524038461539 0.09483924278846156 0.1727764423076923
0 0.3212890625 0.6037034254807693 0.2685546875 0.23662860576923067
0 0.6682504507211537 0.8163874699519231 0.36151592548076916 0.348369891826923
1 0.30579552283653844 0.9192082331730769 0.09483924278846151 0.08075420673076916
0 0.12738506610576922 0.810753455528846 0.12300931490384615 0.14366736778846156
2 0.49735201322115385 0.046875 0.11361929086538458 0.08826622596153846