0 0.2625 0.35078125 0.25859375 0.27265625
0 0.5890625 0.28359375 0.1984375 0.1796875
0 0.878125 0.08515625 0.2296875 0.1703125
0 0.740625 0.159375 0.1578125 0.121875
0 0.4703125 0.6328125 0.1953125 0.1921875
0 0.14765625 0.78125 0.1671875 0.1625
0 0.2296875 0.81328125 0.1375 0.146875
0 0.31171875 0.853125 0.165625 0.1515625
0 0.4015625 0.92109375 0.1703125 0.1578125
0 0.5859375 0.88984375 0.2125 0.1578125
2 0.13203125 0.178125 0.171875 0.1734375
0 0.25625 0.1546875 0.1796875 0.13125
0 0.3640625 0.0875 0.153125 0.1703125
0 0.2265625 0.06953125 0.153125 0.1390625
2 0.871875 0.52109375 0.1734375 0.171875
2 0.68515625 0.690625 0.278125 0.2515625
2 0.834375 0.73359375 0.134375 0.1140625
2 0.7671875 0.809375 0.134375 0.1140625
2 0.92734375 0.92265625 0.1015625 0.0953125