0 0.35078125 0.26015625 0.18125 0.2578125
3 0.35 0.54453125 0.096875 0.1671875
3 0.10546875 0.94453125 0.1140625 0.1109375
3 0.03203125 0.7296875 0.0640625 0.15625
3 0.04140625 0.5359375 0.0828125 0.1625
1 0.16796875 0.58984375 0.1390625 0.1609375
0 0.57421875 0.609375 0.2859375 0.2453125
0 0.9203125 0.1671875 0.159375 0.284375
1 0.5734375 0.95234375 0.1375 0.0953125
1 0.59921875 0.790625 0.1390625 0.0984375
1 0.39296875 0.82109375 0.15 0.0984375
2 0.27578125 0.65546875 0.1140625 0.1390625
1 0.87109375 0.4671875 0.1421875 0.165625
1 0.95 0.57265625 0.1 0.1265625
1 0.915625 0.6828125 0.16875 0.10625
1 0.94765625 0.77421875 0.1046875 0.0921875
1 0.93515625 0.8953125 0.1015625 0.125
1 0.80390625 0.91875 0.13125 0.1125