1 0.0615234375 0.9443359375 0.11328125 0.111328125
3 0.1494140625 0.9619140625 0.091796875 0.076171875
1 0.037109375 0.7197265625 0.07421875 0.0859375
3 0.134765625 0.787109375 0.1015625 0.150390625
3 0.244140625 0.79296875 0.1171875 0.14453125
3 0.3271484375 0.830078125 0.1015625 0.109375
3 0.330078125 0.7587890625 0.037109375 0.03515625
1 0.4716796875 0.88671875 0.107421875 0.12109375
1 0.587890625 0.9287109375 0.087890625 0.05078125
1 0.0546875 0.423828125 0.109375 0.115234375
1 0.16015625 0.4443359375 0.119140625 0.083984375
1 0.326171875 0.521484375 0.14453125 0.130859375
1 0.4794921875 0.611328125 0.087890625 0.078125
3 0.55859375 0.6572265625 0.10546875 0.125
3 0.9462890625 0.697265625 0.107421875 0.10546875
2 0.36328125 0.1875 0.2265625 0.375
2 0.6357421875 0.2138671875 0.283203125 0.427734375
2 0.896484375 0.0830078125 0.20703125 0.166015625
2 0.8984375 0.357421875 0.203125 0.20703125