1 0.596875 0.29140625 0.1765625 0.0953125
1 0.584375 0.38046875 0.2078125 0.090625
1 0.79375 0.50859375 0.146875 0.1390625
1 0.33359375 0.40234375 0.11875 0.10625
1 0.81875 0.75 0.1125 0.1375
1 0.8359375 0.890625 0.140625 0.128125
3 0.24921875 0.4125 0.1390625 0.109375
3 0.1015625 0.853125 0.134375 0.146875
3 0.296875 0.82734375 0.134375 0.134375
3 0.40546875 0.79296875 0.1171875 0.1171875
3 0.490625 0.7921875 0.1359375 0.1203125
0 0.4203125 0.11484375 0.23125 0.15
2 0.1828125 0.1453125 0.1453125 0.178125
3 0.0625 0.5953125 0.10625 0.15625
3 0.17890625 0.6015625 0.15 0.125
3 0.51953125 0.92890625 0.1234375 0.1421875
3 0.7109375 0.92890625 0.115625 0.1375
3 0.2375 0.96796875 0.10625 0.0640625
1 0.59921875 0.78515625 0.109375 0.1625
1 0.62109375 0.47421875 0.209375 0.1046875