0 0.09296875 0.28984375 0.121875 0.11875
0 0.14609375 0.33125 0.11875 0.1140625
0 0.17734375 0.38125 0.103125 0.1046875
0 0.35625 0.1359375 0.115625 0.1171875
0 0.64921875 0.32109375 0.14375 0.165625
0 0.73125 0.3375 0.1140625 0.178125
0 0.81640625 0.3453125 0.115625 0.184375
0 0.91953125 0.35625 0.1609375 0.1984375
0 0.5171875 0.6953125 0.2046875 0.2078125
0 0.51015625 0.85625 0.1734375 0.1296875
0 0.57109375 0.89765625 0.1328125 0.1296875
0 0.63046875 0.940625 0.153125 0.11875
0 0.74609375 0.903125 0.19375 0.1375
0 0.74921875 0.76640625 0.14375 0.178125
0 0.696875 0.79375 0.1265625 0.1734375
0 0.64921875 0.79921875 0.075 0.14375
0 0.6203125 0.81953125 0.1109375 0.1328125
0 0.446875 0.14140625 0.1125 0.1609375
0 0.5453125 0.1578125 0.1015625 0.1796875
0 0.634375 0.1734375 0.0953125 0.2
0 0.70625 0.18125 0.115625 0.203125
0 0.784375 0.18671875 0.0953125 0.20625
0 0.8640625 0.190625 0.11875 0.2078125
0 0.95625 0.1890625 0.0875 0.19375
2 0.746875 0.94453125 0.234375 0.1109375