3 0.927734375 0.966796875 0.123046875 0.06640625
1 0.9296875 0.8876953125 0.119140625 0.07421875
1 0.9130859375 0.802734375 0.111328125 0.078125
1 0.912109375 0.71484375 0.111328125 0.080078125
3 0.9150390625 0.6298828125 0.11328125 0.078125
1 0.92578125 0.546875 0.107421875 0.078125
1 0.91796875 0.4609375 0.119140625 0.078125
1 0.9326171875 0.3798828125 0.109375 0.0859375
3 0.9365234375 0.2958984375 0.12109375 0.0859375
1 0.9296875 0.205078125 0.1015625 0.08203125
1 0.9326171875 0.1240234375 0.107421875 0.0859375
1 0.9189453125 0.03515625 0.099609375 0.0703125
1 0.6884765625 0.974609375 0.107421875 0.05078125
3 0.689453125 0.9033203125 0.107421875 0.078125
3 0.689453125 0.8212890625 0.099609375 0.091796875
3 0.6875 0.732421875 0.10546875 0.07421875
1 0.6787109375 0.64453125 0.134765625 0.080078125
3 0.6904296875 0.5595703125 0.12109375 0.080078125
3 0.7001953125 0.4755859375 0.130859375 0.078125
3 0.71875 0.35546875 0.099609375 0.16015625
3 0.5234375 0.9755859375 0.12890625 0.048828125
1 0.5263671875 0.900390625 0.12890625 0.083984375
1 0.515625 0.810546875 0.107421875 0.072265625
1 0.5322265625 0.7294921875 0.130859375 0.08203125
3 0.517578125 0.64453125 0.10546875 0.076171875
1 0.5341796875 0.5625 0.123046875 0.076171875
1 0.5322265625 0.484375 0.12109375 0.068359375
3 0.6318359375 0.35546875 0.080078125 0.146484375
3 0.5341796875 0.369140625 0.056640625 0.080078125
3 0.2841796875 0.958984375 0.125 0.07421875
3 0.2919921875 0.8779296875 0.099609375 0.076171875
3 0.2939453125 0.79296875 0.1015625 0.080078125
1 0.2841796875 0.7119140625 0.12890625 0.0859375
1 0.279296875 0.619140625 0.123046875 0.099609375
3 0.2861328125 0.5380859375 0.12890625 0.078125
1 0.30078125 0.453125 0.103515625 0.07421875
3 0.30078125 0.36328125 0.109375 0.072265625
1 0.2998046875 0.2578125 0.12109375 0.119140625
1 0.3486328125 0.166015625 0.134765625 0.126953125
1 0.4677734375 0.142578125 0.09375 0.125
1 0.552734375 0.1171875 0.087890625 0.13671875
3 0.634765625 0.0966796875 0.08984375 0.138671875
3 0.7099609375 0.1015625 0.076171875 0.1171875
3 0.30078125 0.0419921875 0.08984375 0.083984375
1 0.21484375 0.0439453125 0.09375 0.087890625
3 0.125 0.95703125 0.111328125 0.080078125
3 0.123046875 0.8759765625 0.1171875 0.080078125
1 0.1396484375 0.7939453125 0.1328125 0.087890625
3 0.1279296875 0.708984375 0.125 0.08203125
3 0.1318359375 0.6201171875 0.12109375 0.080078125
1 0.1298828125 0.5400390625 0.115234375 0.076171875
1 0.1513671875 0.4501953125 0.138671875 0.078125
1 0.1416015625 0.3603515625 0.142578125 0.087890625
1 0.125 0.2705078125 0.123046875 0.09375
3 0.1015625 0.181640625 0.11328125 0.09765625
1 0.0771484375 0.0625 0.146484375 0.125