2 0.4953125 0.44375 0.29375 0.38125
0 0.371875 0.253125 0.2171875 0.1609375
2 0.30625 0.45859375 0.2078125 0.2140625
2 0.19453125 0.63203125 0.2125 0.246875
2 0.328125 0.725 0.2453125 0.265625
1 0.51953125 0.9265625 0.178125 0.146875
3 0.5796875 0.85 0.153125 0.1515625
3 0.62421875 0.78671875 0.1453125 0.1453125
3 0.709375 0.6859375 0.1671875 0.2234375
3 0.81484375 0.57734375 0.18125 0.140625
3 0.86171875 0.47578125 0.178125 0.159375
3 0.925 0.41015625 0.15 0.1546875
3 0.88515625 0.8546875 0.1484375 0.15625
3 0.93671875 0.78359375 0.1265625 0.1203125
3 0.9375 0.659375 0.125 0.1265625