1 0.6140625 0.70625 0.2203125 0.171875
1 0.47734375 0.95 0.140625 0.1
1 0.51640625 0.8765625 0.11875 0.1125
3 0.93046875 0.1328125 0.134375 0.115625
3 0.6390625 0.903125 0.0953125 0.115625
2 0.08984375 0.33984375 0.1453125 0.1453125
2 0.08515625 0.46875 0.1578125 0.1546875
2 0.090625 0.6375 0.15625 0.2
2 0.3984375 0.30625 0.1546875 0.171875
2 0.36640625 0.4171875 0.16875 0.1984375
2 0.29765625 0.5609375 0.1625 0.24375
0 0.18984375 0.8515625 0.3125 0.1609375
2 0.0453125 0.0390625 0.090625 0.078125
2 0.1515625 0.06171875 0.1796875 0.1234375
2 0.259375 0.08203125 0.178125 0.1609375
2 0.384375 0.1421875 0.1953125 0.1609375
2 0.0703125 0.15703125 0.140625 0.153125