0 0.18828125 0.4484375 0.2640625 0.278125
0 0.23671875 0.8515625 0.1328125 0.296875
0 0.06171875 0.8515625 0.1234375 0.296875
0 0.44375 0.93125 0.09375 0.1375
0 0.58125 0.86171875 0.13125 0.2765625
0 0.896875 0.7578125 0.1703125 0.234375
0 0.76875 0.7765625 0.1171875 0.1421875
1 0.92734375 0.9203125 0.1453125 0.1109375
1 0.5625 0.5390625 0.15 0.1328125
1 0.6703125 0.478125 0.103125 0.16875
1 0.8953125 0.50625 0.1390625 0.134375
1 0.7703125 0.48515625 0.121875 0.15625
1 0.53984375 0.14375 0.1515625 0.1109375
1 0.34140625 0.18828125 0.125 0.0921875
1 0.35625 0.284375 0.1625 0.096875
1 0.38046875 0.40546875 0.175 0.15
1 0.36640625 0.5453125 0.14375 0.1453125
1 0.69296875 0.171875 0.1015625 0.1765625
1 0.7453125 0.37109375 0.0859375 0.0875
1 0.8859375 0.2296875 0.125 0.1203125
1 0.896875 0.13359375 0.1328125 0.10625
1 0.7609375 0.11875 0.0828125 0.0859375
1 0.7609375 0.21015625 0.0875 0.1203125
1 0.5171875 0.03984375 0.1265625 0.0796875
1 0.1578125 0.12109375 0.109375 0.1265625
1 0.55703125 0.25 0.1484375 0.1546875
3 0.2 0.26171875 0.1265625 0.1296875
3 0.0859375 0.10859375 0.0828125 0.1046875
3 0.0296875 0.115625 0.059375 0.1078125
0 0.04453125 0.24765625 0.0890625 0.140625
0 0.0671875 0.18984375 0.134375 0.071875
0 0.1984375 0.259375 0.109375 0.1390625
3 0.559375 0.33984375 0.1203125 0.0765625
3 0.55625 0.41171875 0.1140625 0.1171875
3 0.71171875 0.028125 0.09375 0.05625
1 0.86640625 0.02890625 0.121875 0.0578125