3 0.04248046875 0.89453125 0.0849609375 0.125
1 0.1474609375 0.90771484375 0.115234375 0.1064453125
3 0.107421875 0.77294921875 0.140625 0.1064453125
3 0.09375 0.6796875 0.126953125 0.091796875
3 0.08740234375 0.58642578125 0.1103515625 0.0908203125
3 0.06494140625 0.50830078125 0.1298828125 0.0927734375
3 0.0546875 0.42626953125 0.109375 0.1025390625
3 0.0458984375 0.33642578125 0.091796875 0.0986328125
3 0.03955078125 0.2529296875 0.0791015625 0.08203125
3 0.22200520833333334 0.055989583333333336 0.15104166666666669 0.09505208333333333
3 0.36881510416666663 0.030598958333333332 0.10351562500000006 0.061197916666666664
3 0.23079427083333331 0.13541666666666669 0.13997395833333334 0.09895833333333334
3 0.38541666666666663 0.1083984375 0.10807291666666669 0.08268229166666667
3 0.2451171875 0.22233072916666669 0.12955729166666666 0.09179687500000003
3 0.3955078125 0.18684895833333331 0.12565104166666663 0.09635416666666666
3 0.41080729166666663 0.2718098958333333 0.13541666666666669 0.09960937499999997
3 0.24869791666666669 0.30013020833333337 0.10807291666666666 0.08463541666666669
3 0.2682291666666667 0.3841145833333333 0.11588541666666666 0.08984375
3 0.43912760416666663 0.357421875 0.11263020833333331 0.08984375
3 0.2962239583333333 0.4622395833333333 0.12499999999999997 0.08854166666666663
3 0.3082682291666667 0.5550130208333333 0.12304687500000003 0.09440104166666663
1 0.3216145833333333 0.6370442708333333 0.1171875 0.08919270833333337
1 0.3333333333333333 0.7210286458333333 0.11328125 0.09440104166666663
1 0.35091145833333337 0.8102213541666667 0.11197916666666669 0.09440104166666663
3 0.3922526041666667 0.9153645833333333 0.087890625 0.10807291666666663
3 0.4798177083333333 0.9016927083333333 0.09635416666666663 0.11197916666666663
1 0.5608723958333333 0.8854166666666667 0.11393229166666663 0.16276041666666663
1 0.5139973958333334 0.7734375 0.15820312500000006 0.109375
1 0.4886067708333333 0.6901041666666667 0.13736979166666663 0.10807291666666663
3 0.48111979166666663 0.6022135416666667 0.11979166666666669 0.09505208333333337
1 0.4700520833333333 0.51953125 0.11588541666666663 0.09244791666666669
1 0.43489583333333337 0.4309895833333333 0.14453125000000006 0.109375
3 0.6048177083333333 0.0498046875 0.13020833333333337 0.09830729166666666
3 0.62109375 0.14127604166666669 0.11197916666666674 0.09895833333333334
1 0.6363932291666666 0.22526041666666669 0.115234375 0.10026041666666666
1 0.6585286458333333 0.306640625 0.12565104166666663 0.1015625
3 0.6806640625 0.3896484375 0.14127604166666674 0.107421875
3 0.6927083333333334 0.4830729166666667 0.1328125 0.09114583333333337
1 0.7171223958333333 0.5670572916666667 0.13736979166666663 0.10026041666666663
1 0.7249348958333333 0.6487630208333333 0.13606770833333337 0.10481770833333337
1 0.7464192708333334 0.7379557291666667 0.130859375 0.09049479166666663
1 0.7513020833333333 0.8313802083333333 0.12239583333333337 0.11197916666666663
1 0.7770182291666666 0.9114583333333334 0.126953125 0.078125
3 0.9192708333333333 0.873046875 0.11067708333333337 0.08854166666666674
3 0.8990885416666667 0.7975260416666667 0.11848958333333337 0.10677083333333337
1 0.8889973958333333 0.7174479166666666 0.14908854166666663 0.09765625
1 0.86328125 0.6243489583333333 0.13411458333333326 0.09895833333333337
3 0.8619791666666666 0.5390625 0.12890625 0.10286458333333331
1 0.8388671875 0.4518229166666667 0.11393229166666674 0.0859375
3 0.8193359375 0.3600260416666667 0.11653645833333326 0.11328125
1 0.8082682291666667 0.2747395833333333 0.12044270833333337 0.08984374999999997
1 0.7747395833333333 0.1884765625 0.13541666666666663 0.11393229166666669
3 0.7633463541666666 0.09798177083333334 0.142578125 0.103515625