2 0.828125 0.8109375 0.34375 0.3171875
2 0.14609375 0.190625 0.15 0.1703125
3 0.55 0.4875 0.153125 0.1046875
3 0.7859375 0.54453125 0.178125 0.1859375
1 0.790625 0.36640625 0.1421875 0.10625
3 0.80234375 0.25 0.16875 0.1015625
1 0.57734375 0.2921875 0.1375 0.121875
1 0.1453125 0.31484375 0.134375 0.103125
1 0.159375 0.4015625 0.1328125 0.0984375
3 0.1609375 0.4890625 0.1390625 0.1015625
1 0.1671875 0.57109375 0.14375 0.090625
1 0.16015625 0.65546875 0.125 0.09375
1 0.16328125 0.734375 0.121875 0.096875
1 0.1671875 0.82734375 0.125 0.10625
1 0.165625 0.9171875 0.125 0.1046875
1 0.15625 0.96796875 0.1296875 0.0640625
1 0.14140625 0.0625 0.13125 0.0921875