1 0.5400390625 0.1611328125 0.0859375 0.091796875
3 0.45703125 0.0458984375 0.1015625 0.0859375
3 0.91015625 0.1357421875 0.08984375 0.109375
3 0.810546875 0.2197265625 0.125 0.08984375
3 0.734375 0.3994140625 0.216796875 0.140625
3 0.7568359375 0.716796875 0.09765625 0.103515625
3 0.8544921875 0.728515625 0.08203125 0.091796875
3 0.953125 0.8076171875 0.08984375 0.091796875
1 0.857421875 0.802734375 0.0859375 0.0625
1 0.3232421875 0.828125 0.142578125 0.09375
1 0.3359375 0.91796875 0.087890625 0.056640625
3 0.544921875 0.947265625 0.068359375 0.099609375
3 0.630859375 0.9482421875 0.083984375 0.103515625
3 0.94140625 0.9609375 0.05859375 0.0703125