1 0.70703125 0.9390625 0.1421875 0.0875
1 0.85859375 0.92421875 0.109375 0.078125
3 0.69609375 0.86328125 0.1375 0.0859375
3 0.8421875 0.85234375 0.1515625 0.0828125
3 0.83125 0.7625 0.15 0.084375
3 0.684375 0.77890625 0.15 0.0953125
3 0.653125 0.6859375 0.15625 0.096875
3 0.83984375 0.64765625 0.1296875 0.0796875
2 0.5859375 0.478125 0.1375 0.109375
2 0.628125 0.58203125 0.146875 0.103125
2 0.78359375 0.540625 0.10625 0.128125
3 0.46484375 0.8890625 0.1171875 0.0921875
3 0.4484375 0.80078125 0.1140625 0.0875
3 0.42109375 0.71796875 0.1171875 0.0890625
3 0.39921875 0.634375 0.1125 0.0796875
3 0.315625 0.49375 0.1484375 0.1078125
3 0.3484375 0.55625 0.1421875 0.0875
3 0.31015625 0.38984375 0.134375 0.1015625
3 0.2765625 0.31328125 0.115625 0.0890625
3 0.25546875 0.23671875 0.109375 0.078125
3 0.07890625 0.12109375 0.1078125 0.1375
3 0.209375 0.15625 0.140625 0.09375
3 0.2 0.0546875 0.1234375 0.0984375
3 0.46484375 0.1171875 0.15625 0.1109375