0 0.7203125 0.84609375 0.546875 0.3078125
1 0.88984375 0.21328125 0.1828125 0.175
3 0.55859375 0.3625 0.1609375 0.1375
3 0.253125 0.58984375 0.1859375 0.153125
3 0.09453125 0.72265625 0.159375 0.1390625
3 0.24140625 0.12421875 0.1796875 0.1515625
3 0.07890625 0.25 0.1453125 0.1421875
3 0.25078125 0.31171875 0.1703125 0.175
3 0.91171875 0.33203125 0.159375 0.1390625
3 0.053125 0.48046875 0.10625 0.2015625
3 0.3875 0.2296875 0.2328125 0.228125
3 0.35703125 0.51328125 0.1984375 0.1375
3 0.459375 0.43671875 0.1796875 0.134375
3 0.50078125 0.14921875 0.1640625 0.1390625
3 0.715625 0.19765625 0.184375 0.1484375
3 0.3046875 0.7484375 0.065625 0.065625