0 0.4015625 0.62109375 0.1734375 0.1734375
0 0.65859375 0.68828125 0.11875 0.1328125
0 0.696875 0.44765625 0.1609375 0.171875
0 0.79765625 0.3890625 0.1578125 0.15625
0 0.90546875 0.33671875 0.1484375 0.153125
2 0.528125 0.5453125 0.1765625 0.18125
0 0.625 0.625 0.1109375 0.134375
0 0.7671875 0.89375 0.165625 0.1640625
0 0.92578125 0.81796875 0.1484375 0.159375
0 0.9765625 0.7515625 0.046875 0.125
0 0.428125 0.94765625 0.1546875 0.1046875
0 0.2953125 0.7484375 0.121875 0.1484375
0 0.29296875 0.853125 0.15625 0.1546875
0 0.28046875 0.95234375 0.1296875 0.0953125
0 0.64765625 0.971875 0.10625 0.05625
2 0.775 0.58046875 0.178125 0.2046875
1 0.3453125 0.45390625 0.1375 0.0796875
1 0.32265625 0.38125 0.1890625 0.11875
1 0.3734375 0.1453125 0.171875 0.1109375
1 0.35859375 0.21953125 0.1921875 0.1171875
3 0.34296875 0.3015625 0.1265625 0.1078125
3 0.559375 0.325 0.209375 0.2359375
1 0.44609375 0.05 0.1203125 0.1
1 0.68828125 0.16796875 0.165625 0.1265625
1 0.65546875 0.09453125 0.1734375 0.103125
1 0.8078125 0.1109375 0.1171875 0.1671875
1 0.934375 0.1109375 0.125 0.190625
2 0.98203125 0.409375 0.0359375 0.1265625