0 0.2216796875 0.646484375 0.169921875 0.150390625
3 0.0615234375 0.5361328125 0.1171875 0.1328125
3 0.1279296875 0.771484375 0.083984375 0.087890625
3 0.3994140625 0.7490234375 0.111328125 0.12109375
1 0.69921875 0.6240234375 0.142578125 0.150390625
3 0.4970703125 0.478515625 0.099609375 0.140625
3 0.541015625 0.3564453125 0.083984375 0.087890625
1 0.365234375 0.208984375 0.1328125 0.115234375
3 0.306640625 0.0732421875 0.134765625 0.103515625
1 0.7958984375 0.08203125 0.095703125 0.1015625
1 0.9423828125 0.0966796875 0.111328125 0.099609375