3 0.39375 0.53203125 0.090625 0.1328125
3 0.24140625 0.68359375 0.134375 0.16875
1 0.76015625 0.59765625 0.0875 0.1421875
3 0.84609375 0.61640625 0.075 0.1328125
3 0.665625 0.5953125 0.09375 0.1171875
3 0.57109375 0.6125 0.0890625 0.109375
1 0.60234375 0.42890625 0.078125 0.1078125
1 0.6921875 0.4109375 0.0921875 0.1265625
3 0.7859375 0.4328125 0.075 0.109375
1 0.85859375 0.42890625 0.0640625 0.1390625
3 0.40625 0.34453125 0.1 0.0921875
3 0.471875 0.55859375 0.05625 0.0640625
1 0.58125 0.77734375 0.09375 0.059375
3 0.884375 0.834375 0.1078125 0.103125
2 0.84453125 0.0921875 0.16875 0.184375
1 0.23046875 0.9046875 0.09375 0.103125
1 0.19453125 0.36640625 0.19375 0.16875
1 0.50703125 0.39375 0.09765625 0.12109375