1 0.6890625 0.24609375 0.1421875 0.1328125
1 0.478125 0.03125 0.1734375 0.0625
1 0.15390625 0.3015625 0.1015625 0.165625
1 0.2046875 0.85078125 0.1515625 0.125
1 0.5890625 0.65625 0.14375 0.115625
1 0.60234375 0.74765625 0.14375 0.1265625
1 0.6734375 0.4609375 0.10625 0.1453125
1 0.8015625 0.6953125 0.11875 0.15
3 0.83984375 0.92421875 0.0984375 0.1515625
3 0.746875 0.92734375 0.128125 0.1453125
3 0.6203125 0.9203125 0.1390625 0.159375
3 0.3765625 0.82734375 0.134375 0.1125
3 0.3578125 0.7375 0.1453125 0.1125
3 0.2 0.75859375 0.15 0.11875
3 0.3578125 0.6515625 0.16875 0.125
3 0.18671875 0.68203125 0.1421875 0.1125
3 0.34453125 0.58359375 0.1609375 0.115625
3 0.31953125 0.490625 0.1734375 0.1421875
3 0.17734375 0.60546875 0.1609375 0.1046875
1 0.1796875 0.509375 0.1390625 0.1296875
3 0.9515625 0.40390625 0.090625 0.2140625
3 0.775 0.48046875 0.090625 0.1625
1 0.909375 0.11796875 0.1640625 0.1234375
1 0.66171875 0.07890625 0.184375 0.1234375
3 0.53515625 0.28046875 0.203125 0.134375
3 0.51015625 0.16875 0.19375 0.140625
3 0.89453125 0.0515625 0.2046875 0.1015625
3 0.275 0.2640625 0.178125 0.1796875
3 0.21171875 0.934375 0.1359375 0.13125