0 0.809375 0.44609375 0.38125 0.4234375
3 0.79921875 0.90546875 0.078125 0.0796875
3 0.69375 0.73671875 0.0953125 0.0859375
3 0.44296875 0.52890625 0.090625 0.1140625
3 0.38125 0.5375 0.0671875 0.0875
3 0.5 0.3125 0.078125 0.1
3 0.61171875 0.340625 0.1140625 0.1125
3 0.6671875 0.31953125 0.1015625 0.0984375
3 0.33984375 0.14296875 0.084375 0.1109375
3 0.0859375 0.27421875 0.1140625 0.115625
3 0.25859375 0.1125 0.090625 0.1140625
3 0.24375 0.04375 0.084375 0.0875
3 0.078125 0.596875 0.084375 0.115625
3 0.584375 0.96328125 0.103125 0.0734375
3 0.65 0.93984375 0.11875 0.1203125
3 0.72578125 0.9328125 0.0984375 0.1328125
3 0.55546875 0.725 0.1578125 0.125
3 0.615625 0.77109375 0.109375 0.1109375
3 0.64921875 0.8421875 0.1171875 0.0921875
1 0.76796875 0.81328125 0.0875 0.0984375
1 0.140625 0.1296875 0.1078125 0.121875
3 0.04453125 0.128125 0.0890625 0.128125
3 0.13359375 0.509375 0.1 0.1109375
3 0.1109375 0.43125 0.0875 0.0515625
3 0.13125 0.37265625 0.059375 0.0625
3 0.0765625 0.37734375 0.0640625 0.0609375
3 0.19375 0.3203125 0.10625 0.1140625
3 0.20859375 0.40390625 0.1078125 0.078125
1 0.2421875 0.5140625 0.096875 0.1375
1 0.309375 0.36015625 0.1078125 0.125
3 0.44921875 0.40546875 0.0609375 0.075
3 0.384375 0.3234375 0.084375 0.0890625
3 0.56796875 0.1859375 0.0984375 0.0625
3 0.46171875 0.115625 0.0796875 0.090625
1 0.915625 0.0796875 0.0859375 0.1234375
3 0.6609375 0.06875 0.1265625 0.125
1 0.91171875 0.21640625 0.09921875 0.11484375
1 0.76328125 0.0828125 0.07578125 0.10546875
3 0.65625 0.25 0.071875 0.0671875
1 0.77421875 0.3109375 0.0890625 0.0875
1 0.3921875 0.0875 0.08359375 0.1390625
3 0.2765625 0.2859375 0.08203125 0.0890625
1 0.36875 0.26015625 0.0796875 0.07578125
1 0.353125 0.20078125 0.0671875 0.05546875
3 0.0828125 0.0421875 0.05625 0.05234375