1 0.22109375 0.63125 0.175 0.1390625
1 0.37265625 0.47734375 0.15234375 0.1390625
1 0.36328125 0.2703125 0.1703125 0.1671875
0 0.4546875 0.109375 0.196875 0.21796875
1 0.8875 0.35 0.128125 0.10859375
1 0.690625 0.45078125 0.10546875 0.11328125
1 0.2203125 0.8484375 0.1796875 0.1453125
1 0.45 0.7640625 0.1375 0.15
1 0.803125 0.665625 0.13125 0.1453125
1 0.93828125 0.81328125 0.1234375 0.1109375
1 0.903125 0.9375 0.19375 0.125
1 0.83671875 0.8171875 0.090625 0.0796875
1 0.95546875 0.7140625 0.0890625 0.109375
1 0.87578125 0.728125 0.115625 0.1078125
3 0.0609375 0.8765625 0.090625 0.0984375