1 0.75859375 0.78203125 0.17578125 0.096875
1 0.91953125 0.8140625 0.12734375 0.153125
1 0.49921875 0.75625 0.16875 0.21875
1 0.60859375 0.3671875 0.1375 0.1515625
1 0.7765625 0.64453125 0.165625 0.12109375
1 0.48125 0.16015625 0.15703125 0.19609375
1 0.26796875 0.8484375 0.103125 0.09375
3 0.45 0.90390625 0.12578125 0.16171875
3 0.1984375 0.30234375 0.2421875 0.23515625
3 0.13671875 0.6234375 0.10234375 0.10703125
3 0.07734375 0.71796875 0.12578125 0.121875
3 0.36328125 0.68671875 0.096875 0.07421875