1 0.24609375 0.23828125 0.15625 0.140625
1 0.4734375 0.28671875 0.1625 0.1359375
1 0.2390625 0.43515625 0.125 0.159375
1 0.45078125 0.48828125 0.140625 0.1609375
3 0.5375 0.63359375 0.13125 0.1484375
3 0.6984375 0.61796875 0.1296875 0.1921875
3 0.88515625 0.6625 0.140625 0.1171875
3 0.74765625 0.28046875 0.18125 0.1671875
1 0.35390625 0.8234375 0.159375 0.171875
1 0.7109375 0.8828125 0.1984375 0.146875
1 0.9328125 0.5390625 0.1 0.128125
1 0.584375 0.471875 0.10625 0.115625
1 0.81875 0.81796875 0.1296875 0.121875
1 0.72734375 0.48828125 0.1140625 0.0984375
2 0.28359375 0.0734375 0.1859375 0.1453125
2 0.55390625 0.08828125 0.1875 0.1765625