1 0.24453125 0.5453125 0.1796875 0.21875
1 0.15703125 0.92109375 0.1609375 0.1578125
1 0.80078125 0.12421875 0.175 0.15625
1 0.60703125 0.0859375 0.19375 0.146875
1 0.75625 0.24921875 0.13125 0.1515625
1 0.4140625 0.3375 0.2140625 0.2015625
1 0.79375 0.84296875 0.140625 0.15625
1 0.42265625 0.93984375 0.115625 0.1203125
1 0.8953125 0.3640625 0.1875 0.134375
3 0.07109375 0.48203125 0.1421875 0.184375
3 0.2796875 0.1875 0.15625 0.16875
3 0.3640625 0.6546875 0.1734375 0.125
3 0.53046875 0.47421875 0.16875 0.1546875
3 0.659375 0.3640625 0.15625 0.1453125
3 0.61796875 0.75703125 0.2078125 0.2078125
3 0.0796875 0.71015625 0.125 0.1140625
3 0.1578125 0.71484375 0.10625 0.1171875
3 0.17265625 0.3296875 0.13125 0.1328125
2 0.06484375 0.09921875 0.1296875 0.1984375
3 0.7453125 0.58671875 0.1484375 0.1390625
3 0.7921875 0.51015625 0.159375 0.128125
3 0.9171875 0.66015625 0.165625 0.1734375