3 0.849609375 0.2861328125 0.076171875 0.091796875
1 0.765625 0.2490234375 0.095703125 0.0859375
3 0.6318359375 0.1015625 0.078125 0.103515625
3 0.4169921875 0.0908203125 0.1015625 0.111328125
3 0.265625 0.15625 0.08203125 0.09375
1 0.072265625 0.1396484375 0.08984375 0.103515625
3 0.166015625 0.2958984375 0.076171875 0.12890625
3 0.4423828125 0.369140625 0.08984375 0.09375
3 0.560546875 0.275390625 0.078125 0.091796875
3 0.6640625 0.37109375 0.091796875 0.09765625
1 0.7822265625 0.5703125 0.068359375 0.12109375
3 0.9365234375 0.4521484375 0.087890625 0.083984375
3 0.5048828125 0.189453125 0.0859375 0.0859375