2 0.13020207331730765 0.21871243990384615 0.10986328125 0.12394831730769232
2 0.36072716346153844 0.32998422475961536 0.20282451923076916 0.14554537259615385
3 0.05132587139423074 0.6619215745192307 0.09671724759615383 0.12770432692307687
3 0.2151817908653846 0.6792931189903846 0.16902043269230765 0.12300931490384615
2 0.2194073016826923 0.8445575420673077 0.11549729567307687 0.09108323317307698
2 0.05461237980769232 0.8384540264423076 0.09765624999999994 0.09390024038461542
2 0.8344914362980769 0.033297025240384616 0.09476412259615374 0.06659405048076923
2 0.9671912560096154 0.0669696514423077 0.06171123798076916 0.09652944711538461
2 0.9105130709134615 0.20227989783653844 0.09296123798076916 0.10798527644230768
0 0.7461876502403846 0.6994816706730769 0.10610727163461542 0.13709435096153844
2 0.8386793870192307 0.6544095552884615 0.13333834134615397 0.1446063701923076
0 0.8936110276442306 0.5713078425480769 0.16995943509615374 0.18686147836538458
2 0.9643742487980769 0.47498497596153844 0.06734525240384626 0.11253004807692307