3 0.23671875 0.15 0.125 0.1296875
3 0.33203125 0.12578125 0.07109375 0.13046875
3 0.4859375 0.2125 0.10625 0.115625
3 0.5296875 0.13125 0.1203125 0.096875
1 0.6875 0.1640625 0.121875 0.1125
3 0.921875 0.325 0.15625 0.115625
1 0.95546875 0.48671875 0.0890625 0.10625
1 0.89765625 0.55703125 0.1171875 0.109375
3 0.615625 0.67578125 0.103125 0.1171875
3 0.8203125 0.721875 0.1140625 0.1015625
3 0.94609375 0.7296875 0.1078125 0.1015625
1 0.41953125 0.6265625 0.07421875 0.10703125
1 0.32890625 0.62734375 0.125 0.134375
3 0.07109375 0.48046875 0.1421875 0.11875