3 0.236328125 0.890625 0.09765625 0.08203125
3 0.2490234375 0.806640625 0.10546875 0.078125
2 0.078125 0.779296875 0.154296875 0.2265625
3 0.041015625 0.5908203125 0.07421875 0.08203125
1 0.052734375 0.4677734375 0.1015625 0.134765625
1 0.1640625 0.548828125 0.115234375 0.115234375
1 0.1142578125 0.4296875 0.064453125 0.115234375
3 0.1923828125 0.4150390625 0.130859375 0.09375
3 0.2958984375 0.4091796875 0.107421875 0.123046875
1 0.296875 0.646484375 0.146484375 0.201171875
3 0.44921875 0.4697265625 0.115234375 0.10546875
3 0.5341796875 0.3837890625 0.125 0.138671875
3 0.603515625 0.328125 0.123046875 0.09375
3 0.640625 0.2685546875 0.1015625 0.091796875
3 0.7568359375 0.1494140625 0.10546875 0.109375
1 0.83203125 0.11328125 0.10546875 0.12890625
0 0.1123046875 0.2724609375 0.216796875 0.177734375
2 0.29296875 0.27734375 0.13671875 0.109375
3 0.4658203125 0.1943359375 0.080078125 0.12109375
3 0.5361328125 0.140625 0.1171875 0.12109375
3 0.6142578125 0.10546875 0.091796875 0.126953125
3 0.671875 0.056640625 0.115234375 0.111328125
1 0.1552734375 0.052734375 0.16796875 0.1015625
1 0.341796875 0.0234375 0.083984375 0.046875
3 0.486328125 0.0458984375 0.1015625 0.091796875