1 0.14453125 0.443359375 0.0859375 0.119140625
3 0.041015625 0.1279296875 0.080078125 0.087890625
1 0.2294921875 0.2666015625 0.09375 0.115234375
1 0.2744140625 0.34765625 0.0859375 0.11328125
1 0.4033203125 0.1728515625 0.126953125 0.107421875
3 0.3701171875 0.2568359375 0.130859375 0.109375
3 0.5908203125 0.3935546875 0.103515625 0.107421875
3 0.1650390625 0.826171875 0.109375 0.134765625
3 0.0478515625 0.779296875 0.08984375 0.09375
2 0.4150390625 0.625 0.271484375 0.19140625
2 0.498046875 0.5732421875 0.23046875 0.15234375
3 0.3505859375 0.740234375 0.0859375 0.07421875
3 0.318359375 0.8134765625 0.095703125 0.0703125
3 0.275390625 0.9375 0.1171875 0.107421875
1 0.4580078125 0.7880859375 0.107421875 0.1171875
0 0.8251953125 0.837890625 0.345703125 0.3203125
3 0.62890625 0.1357421875 0.107421875 0.0859375
3 0.732421875 0.16796875 0.095703125 0.091796875
0 0.6806640625 0.302734375 0.177734375 0.19140625
3 0.2646484375 0.119140625 0.130859375 0.130859375
3 0.3359375 0.0361328125 0.15234375 0.072265625
3 0.0947265625 0.236328125 0.09765625 0.083984375
3 0.3974609375 0.919921875 0.078125 0.083984375