3 0.0546875 0.9306640625 0.109375 0.138671875
1 0.267578125 0.5771484375 0.11328125 0.13671875
1 0.1611328125 0.654296875 0.12109375 0.123046875
3 0.046875 0.4453125 0.0859375 0.083984375
2 0.4775390625 0.5009765625 0.134765625 0.107421875
0 0.328125 0.419921875 0.09375 0.0703125
0 0.32421875 0.345703125 0.0859375 0.052734375
2 0.576171875 0.47265625 0.056640625 0.041015625
0 0.66796875 0.5087890625 0.150390625 0.099609375
0 0.6533203125 0.6826171875 0.07421875 0.111328125
1 0.4560546875 0.1923828125 0.111328125 0.109375
1 0.6298828125 0.1689453125 0.09765625 0.072265625
1 0.6240234375 0.283203125 0.052734375 0.0703125
1 0.1025390625 0.052734375 0.1328125 0.076171875
1 0.2080078125 0.1376953125 0.078125 0.091796875
1 0.0966796875 0.2373046875 0.1015625 0.109375
1 0.130859375 0.1181640625 0.083984375 0.05859375