1 0.8671875 0.05703125 0.265625 0.1140625
1 0.76328125 0.0953125 0.2046875 0.190625
1 0.678125 0.17109375 0.2 0.196875
1 0.8765625 0.2078125 0.1609375 0.1875
1 0.94453125 0.17265625 0.1109375 0.146875
1 0.78984375 0.92109375 0.1421875 0.1390625
1 0.925 0.784375 0.1453125 0.159375
0 0.46953125 0.78984375 0.1453125 0.14375
0 0.57109375 0.9078125 0.1328125 0.153125
0 0.609375 0.94453125 0.11875 0.1109375
0 0.51640625 0.85625 0.15625 0.140625
0 0.634375 0.73671875 0.1453125 0.1421875
0 0.6765625 0.80546875 0.140625 0.1484375
0 0.73125 0.85234375 0.13125 0.1359375
3 0.96640625 0.43046875 0.0671875 0.1859375
3 0.83828125 0.5671875 0.1765625 0.125
3 0.95859375 0.67109375 0.0828125 0.15625
3 0.8765625 0.72421875 0.1578125 0.1578125
3 0.83046875 0.66171875 0.1578125 0.10625
3 0.55625 0.2375 0.1765625 0.19375
3 0.6421875 0.37421875 0.1984375 0.1796875
3 0.73359375 0.3125 0.2515625 0.2125
1 0.8234375 0.259375 0.15625 0.1484375
1 0.8828125 0.46875 0.234375 0.203125
0 0.425 0.45625 0.2140625 0.2203125
0 0.03828125 0.690625 0.0765625 0.3234375
0 0.125 0.76015625 0.2140625 0.2734375
0 0.28984375 0.92734375 0.2046875 0.1453125
0 0.08125 0.89609375 0.1625 0.1546875
0 0.5109375 0.459375 0.1234375 0.1328125
0 0.4125 0.69375 0.19140625 0.16953125