1 0.3609375 0.46875 0.15625 0.1140625
3 0.5609375 0.440625 0.1875 0.115625
3 0.53984375 0.3296875 0.1765625 0.0984375
3 0.540625 0.24375 0.171875 0.0921875
3 0.52890625 0.165625 0.1390625 0.0765625
3 0.53671875 0.0921875 0.146875 0.1125
1 0.1078125 0.403125 0.146875 0.0921875
3 0.11796875 0.3109375 0.1515625 0.0953125
3 0.13359375 0.22265625 0.1390625 0.1
3 0.15 0.128125 0.1328125 0.1
3 0.371875 0.3609375 0.14375 0.0953125
3 0.38046875 0.2734375 0.1453125 0.1
3 0.3796875 0.171875 0.115625 0.0859375
3 0.39296875 0.08515625 0.134375 0.1078125
3 0.096875 0.68203125 0.1078125 0.153125
3 0.4359375 0.75859375 0.1 0.15
1 0.27109375 0.71640625 0.1125 0.1625
3 0.178125 0.69921875 0.0890625 0.1578125
1 0.34921875 0.73671875 0.1015625 0.1578125
3 0.52734375 0.790625 0.1234375 0.1984375
3 0.63359375 0.8046875 0.1125 0.1828125
1 0.7765625 0.846875 0.1859375 0.215625
3 0.9015625 0.5765625 0.1078125 0.165625
3 0.8140625 0.56171875 0.09375 0.171875
2 0.7 0.53125 0.2046875 0.2
3 0.746875 0.31484375 0.10625 0.1265625
3 0.821875 0.328125 0.084375 0.140625
3 0.9 0.34921875 0.096875 0.1578125
3 0.7484375 0.1671875 0.1140625 0.1484375
3 0.8375 0.178125 0.1046875 0.1515625
3 0.91796875 0.19921875 0.1 0.1609375
3 0.165625 0.0453125 0.15625 0.090625