1 0.044270833333333336 0.23079427083333331 0.07552083333333333 0.08789062499999997
3 0.353515625 0.19889322916666669 0.1171875 0.11914062500000003
1 0.41829427083333337 0.34830729166666663 0.13346354166666669 0.12239583333333331
1 0.28678385416666663 0.400390625 0.12044270833333331 0.13020833333333337
1 0.529296875 0.23359375 0.09140624999999997 0.1015625
1 0.5484374999999999 0.55078125 0.11562499999999998 0.09062499999999996
1 0.963671875 0.48203125 0.06640625 0.05624999999999997
1 0.950390625 0.646484375 0.07890625000000007 0.06796874999999991
3 0.96171875 0.5335937500000001 0.04843750000000002 0.029687499999999978
1 0.1234375 0.353125 0.1296875 0.1296875
3 0.9590210878759399 0.8712986745984279 0.07805157424812026 0.09791924769309635
3 0.8871739896616542 0.9505771264097744 0.18987899436090216 0.09493949718045114
1 0.58447265625 0.30712890625 0.0712890625 0.0498046875
3 0.6272786458333333 0.11751302083333334 0.15950520833333337 0.134765625
3 0.8098958333333333 0.2041015625 0.13411458333333337 0.20377604166666663
3 0.9609375 0.2509765625 0.07291666666666674 0.123046875