3 0.689453125 0.1494140625 0.1328125 0.10546875
3 0.6923828125 0.2275390625 0.119140625 0.095703125
3 0.7119140625 0.310546875 0.12109375 0.09375
3 0.720703125 0.390625 0.1015625 0.09375
1 0.7685546875 0.4599609375 0.150390625 0.09765625
3 0.787109375 0.541015625 0.14453125 0.09765625
1 0.791015625 0.6181640625 0.12109375 0.091796875
3 0.822265625 0.6953125 0.138671875 0.09765625
1 0.83984375 0.78125 0.09375 0.07421875
3 0.853515625 0.853515625 0.119140625 0.0859375
1 0.8515625 0.93359375 0.119140625 0.08203125
3 0.46875 0.171875 0.11328125 0.12890625
3 0.380859375 0.185546875 0.09765625 0.12109375
3 0.3046875 0.2177734375 0.10546875 0.134765625
3 0.2275390625 0.2412109375 0.09765625 0.12890625
1 0.1494140625 0.25390625 0.09375 0.1328125
3 0.0673828125 0.2724609375 0.08984375 0.123046875
3 0.0361328125 0.4267578125 0.072265625 0.13671875
3 0.1005859375 0.4208984375 0.087890625 0.11328125
1 0.1806640625 0.3759765625 0.111328125 0.146484375
3 0.263671875 0.369140625 0.09375 0.12890625
3 0.3359375 0.34765625 0.1015625 0.12890625
1 0.4130859375 0.32421875 0.107421875 0.15234375
1 0.4951171875 0.318359375 0.103515625 0.123046875
1 0.591796875 0.6767578125 0.087890625 0.126953125
1 0.515625 0.685546875 0.0859375 0.14453125
3 0.42578125 0.724609375 0.087890625 0.095703125
3 0.3505859375 0.734375 0.1015625 0.1328125
3 0.2705078125 0.765625 0.0859375 0.095703125
1 0.1953125 0.7685546875 0.103515625 0.130859375
3 0.119140625 0.8037109375 0.095703125 0.1015625
3 0.044921875 0.826171875 0.08203125 0.103515625
3 0.076171875 0.6455078125 0.095703125 0.09375
3 0.1572265625 0.6376953125 0.099609375 0.1171875
3 0.2314453125 0.6005859375 0.091796875 0.107421875
1 0.3125 0.583984375 0.091796875 0.09765625
1 0.3916015625 0.568359375 0.09375 0.134765625
1 0.46875 0.5478515625 0.087890625 0.111328125
1 0.5634765625 0.5322265625 0.080078125 0.134765625
1 0.6484375 0.89453125 0.107421875 0.1328125
1 0.560546875 0.904296875 0.095703125 0.09765625
3 0.4873046875 0.931640625 0.08984375 0.1015625
3 0.4013671875 0.9443359375 0.0859375 0.10546875
1 0.328125 0.9560546875 0.099609375 0.08203125