2 0.69609375 0.08984375 0.1140625 0.16953125
3 0.94453125 0.22578125 0.1109375 0.153125
0 0.3015625 0.37265625 0.1375 0.1390625
0 0.5265625 0.36015625 0.184375 0.159375
0 0.59296875 0.49296875 0.1640625 0.19375
0 0.81875 0.57734375 0.215625 0.1375
3 0.83203125 0.4671875 0.1640625 0.0984375
3 0.75703125 0.334375 0.17734375 0.1875
3 0.8046875 0.76484375 0.16875 0.1265625
3 0.80546875 0.865625 0.1671875 0.1
3 0.82421875 0.96015625 0.1234375 0.0796875
2 0.35234375 0.48515625 0.10625 0.2015625
0 0.19375 0.87421875 0.33515625 0.234375
0 0.0984375 0.64765625 0.19609375 0.28828125
2 0.584375 0.27890625 0.1390625 0.1359375
2 0.54609375 0.196875 0.07578125 0.07421875
3 0.5359375 0.234375 0.00234375 0.00390625
2 0.6078125 0.05078125 0.13046875 0.09765625
2 0.68203125 0.178125 0.0859375 0.078125