3 0.8203125 0.9111328125 0.1484375 0.13671875
3 0.677734375 0.8974609375 0.12109375 0.099609375
3 0.4677734375 0.9677734375 0.08203125 0.064453125
3 0.3251953125 0.9501953125 0.107421875 0.099609375
2 0.1630859375 0.923828125 0.193359375 0.1484375
0 0.107421875 0.7587890625 0.140625 0.140625
2 0.404296875 0.5947265625 0.154296875 0.0859375
2 0.2490234375 0.6162109375 0.181640625 0.18359375
2 0.228515625 0.416015625 0.12109375 0.130859375
2 0.455078125 0.4677734375 0.146484375 0.146484375
2 0.5869140625 0.4189453125 0.1953125 0.17578125
2 0.7607421875 0.3662109375 0.115234375 0.14453125
0 0.8388671875 0.3115234375 0.126953125 0.142578125
0 0.9296875 0.134765625 0.140625 0.15234375
2 0.693359375 0.533203125 0.130859375 0.099609375
2 0.556640625 0.611328125 0.1015625 0.1171875
3 0.9658203125 0.6015625 0.068359375 0.08984375
3 0.9033203125 0.564453125 0.158203125 0.09765625
3 0.8671875 0.4541015625 0.111328125 0.09765625
2 0.78515625 0.5078125 0.123046875 0.134765625