1 0.17421875 0.6265625 0.08203125 0.1
1 0.31875 0.6328125 0.10625 0.1375
1 0.4578125 0.43828125 0.1453125 0.134375
1 0.3703125 0.53828125 0.1328125 0.1515625
1 0.58671875 0.753125 0.1734375 0.1953125
1 0.4171875 0.91640625 0.1921875 0.1671875
1 0.2140625 0.7984375 0.1640625 0.1265625
1 0.09140625 0.79453125 0.0625 0.103125
1 0.43671875 0.69140625 0.1359375 0.1625
3 0.8609375 0.0515625 0.12890625 0.103125
3 0.54609375 0.07109375 0.1109375 0.1078125
3 0.82578125 0.25859375 0.15625 0.16328125
3 0.9046875 0.35390625 0.175 0.2078125
3 0.86015625 0.79375 0.1609375 0.18515625
1 0.7625 0.59609375 0.171875 0.2765625
1 0.0609375 0.8875 0.1046875 0.0859375
2 0.6703125 0.76328125 0.09140625 0.1359375
0 0.67265625 0.41640625 0.11171875 0.12421875
0 0.65234375 0.2953125 0.09296875 0.09375
0 0.5625 0.33984375 0.09375 0.09453125