3 0.09440104166666667 0.5139973958333333 0.11197916666666666 0.10221354166666663
1 0.14583333333333334 0.5846354166666667 0.14583333333333331 0.12369791666666663
3 0.1806640625 0.6705729166666666 0.119140625 0.1171875
3 0.23372395833333331 0.7373046875 0.14192708333333334 0.13736979166666674
3 0.28483072916666663 0.8186848958333333 0.14778645833333331 0.13216145833333337
3 0.3173828125 0.9078776041666666 0.12955729166666663 0.115234375
1 0.05859375 0.060221354166666664 0.1171875 0.12044270833333333
1 0.12858072916666666 0.134765625 0.14908854166666666 0.13411458333333331
1 0.17024739583333334 0.1884765625 0.11653645833333333 0.11783854166666669
3 0.224609375 0.2679036458333333 0.1328125 0.09309895833333334
3 0.2561848958333333 0.3505859375 0.11653645833333334 0.10481770833333337
3 0.2958984375 0.42805989583333337 0.115234375 0.11653645833333331
1 0.330078125 0.5045572916666667 0.125 0.11067708333333337
1 0.3610026041666667 0.5810546875 0.142578125 0.13346354166666674
3 0.40690104166666663 0.6510416666666666 0.10677083333333331 0.109375
3 0.43977864583333337 0.71875 0.17513020833333331 0.13541666666666674
3 0.49837239583333337 0.7952473958333333 0.12695312500000006 0.10872395833333337
3 0.5211588541666667 0.8776041666666666 0.16341145833333337 0.125
3 0.5491536458333334 0.9375 0.12304687500000006 0.109375
1 0.3623046875 0.080078125 0.142578125 0.13802083333333331
3 0.3720703125 0.19140625 0.08528645833333337 0.08203125
3 0.458984375 0.037434895833333336 0.0703125 0.07486979166666667
3 0.6298828125 0.048502604166666664 0.15169270833333337 0.09700520833333333
1 0.61328125 0.111328125 0.12109375 0.10416666666666669
3 0.57421875 0.20865885416666669 0.10416666666666674 0.08268229166666666
3 0.5257161458333334 0.2701822916666667 0.08007812500000006 0.08593750000000003
1 0.8857421875 0.0869140625 0.15690104166666674 0.126953125
3 0.8440755208333334 0.15950520833333331 0.134765625 0.12369791666666666
3 0.8095703125 0.2294921875 0.12825520833333326 0.10611979166666666
3 0.7721354166666667 0.310546875 0.12369791666666663 0.10546875
3 0.7552083333333333 0.3951822916666667 0.15755208333333337 0.12890625
1 0.7164713541666667 0.4759114583333333 0.14518229166666663 0.11588541666666663
3 0.6774088541666666 0.5514322916666666 0.142578125 0.10807291666666669
1 0.6770833333333334 0.6565755208333333 0.15625 0.13606770833333337
3 0.9573567708333333 0.326171875 0.08138020833333337 0.12630208333333337
3 0.947265625 0.412109375 0.1015625 0.10677083333333337
3 0.9235026041666667 0.49381510416666663 0.12174479166666663 0.10221354166666669
3 0.8844401041666666 0.5732421875 0.126953125 0.111328125
3 0.8323567708333334 0.662109375 0.166015625 0.125
3 0.8258463541666666 0.7373046875 0.138671875 0.11653645833333326
3 0.7835286458333334 0.828125 0.146484375 0.11458333333333326