3 0.4625 0.1703125 0.2703125 0.1890625
3 0.70234375 0.340625 0.190625 0.2546875
3 0.171875 0.31953125 0.1875 0.1609375
3 0.57734375 0.46328125 0.125 0.1421875
3 0.81953125 0.6421875 0.2046875 0.171875
2 0.9484375 0.346875 0.103125 0.140625
3 0.5359375 0.803125 0.2125 0.33125
3 0.80078125 0.9171875 0.1 0.1515625
3 0.92734375 0.9359375 0.1453125 0.128125
3 0.11171875 0.9375 0.1421875 0.125
1 0.09921875 0.16484375 0.1375 0.1484375
1 0.128125 0.709375 0.1265625 0.1359375
1 0.26640625 0.746875 0.1421875 0.2703125
1 0.6546875 0.5640625 0.0875 0.121875
1 0.66171875 0.0734375 0.228125 0.146875
1 0.38046875 0.70390625 0.0859375 0.15625