2 0.10384114583333334 0.9147135416666667 0.20768229166666669 0.17057291666666652
1 0.06022135416666667 0.7760416666666667 0.091796875 0.10026041666666663
1 0.17220052083333331 0.8212890625 0.08528645833333334 0.09700520833333326
1 0.26529947916666663 0.92578125 0.10481770833333331 0.11979166666666674
2 0.074951171875 0.64013671875 0.04638671875 0.0478515625
0 0.217041015625 0.606689453125 0.10107421875 0.11572265625
0 0.2841796875 0.5908203125 0.0859375 0.0908203125
0 0.37646484375 0.595947265625 0.10546875 0.12744140625
2 0.450927734375 0.556640625 0.08251953125 0.1083984375
0 0.519287109375 0.505615234375 0.10791015625 0.12353515625
0 0.644287109375 0.507080078125 0.14501953125 0.17236328125
2 0.6298828125 0.928466796875 0.1162109375 0.12060546875
2 0.617919921875 0.85400390625 0.10205078125 0.1005859375
0 0.529541015625 0.8251953125 0.11181640625 0.1171875
0 0.893798828125 0.314208984375 0.07275390625 0.06787109375
2 0.951416015625 0.2808935546875 0.09716796875 0.14186523437499998
3 0.8324218750000001 0.646484375 0.09609374999999998 0.09140624999999991
3 0.89375 0.7203125 0.08124999999999993 0.0703125
3 0.8828125 0.802734375 0.10000000000000009 0.09296875000000004
3 0.9484375 0.823046875 0.07343749999999993 0.07265624999999998
3 0.15299479166666666 0.2669270833333333 0.10937499999999999 0.13020833333333334
1 0.4765625 0.10123697916666667 0.13151041666666669 0.15559895833333334
3 0.568359375 0.0556640625 0.11458333333333326 0.10872395833333334