2 0.81640625 0.578125 0.130859375 0.23828125
2 0.712890625 0.37109375 0.2421875 0.15234375
2 0.75 0.548828125 0.1640625 0.2578125
2 0.8837890625 0.2041015625 0.21875 0.166015625
2 0.4462890625 0.443359375 0.166015625 0.38671875
2 0.4765625 0.7529296875 0.16015625 0.1171875
0 0.337890625 0.701171875 0.11328125 0.0859375
2 0.2158203125 0.1318359375 0.212890625 0.130859375
2 0.21484375 0.19921875 0.125 0.080078125
2 0.1953125 0.287109375 0.119140625 0.0859375
2 0.1533203125 0.37109375 0.1640625 0.12890625
2 0.125 0.4755859375 0.134765625 0.150390625
2 0.05078125 0.1689453125 0.09765625 0.08984375
2 0.0390625 0.3388671875 0.0703125 0.083984375
2 0.0390625 0.421875 0.0703125 0.09375
2 0.0400390625 0.5087890625 0.07421875 0.10546875