1 0.24296875 0.2765625 0.1390625 0.1640625
1 0.83046875 0.625 0.096875 0.1140625
1 0.45703125 0.240625 0.1453125 0.1484375
1 0.5796875 0.1953125 0.1125 0.15625
1 0.6765625 0.1734375 0.1 0.121875
1 0.3578125 0.54375 0.159375 0.1484375
1 0.4234375 0.696875 0.1125 0.240625
1 0.5265625 0.6515625 0.103125 0.184375
1 0.48046875 0.51171875 0.1015625 0.11875
1 0.55859375 0.48125 0.1328125 0.1671875
1 0.28125 0.146875 0.103125 0.075
1 0.1046875 0.5265625 0.1578125 0.1875
1 0.83203125 0.76015625 0.1171875 0.1265625
3 0.6265625 0.64921875 0.0828125 0.1375
3 0.7078125 0.64765625 0.1140625 0.15
1 0.709375 0.42890625 0.2578125 0.278125
1 0.91875 0.1328125 0.15625 0.1171875