1 0.951171875 0.3994140625 0.095703125 0.189453125
1 0.7763671875 0.4423828125 0.13671875 0.13671875
3 0.78515625 0.279296875 0.125 0.107421875
3 0.625 0.3916015625 0.12109375 0.125
3 0.578125 0.509765625 0.1171875 0.099609375
3 0.5390625 0.7763671875 0.08984375 0.134765625
3 0.306640625 0.8671875 0.0625 0.09375
3 0.37890625 0.34375 0.05859375 0.052734375
3 0.4423828125 0.3203125 0.072265625 0.072265625
1 0.5166015625 0.2626953125 0.068359375 0.0546875
1 0.126953125 0.2490234375 0.0546875 0.052734375
1 0.0380859375 0.39453125 0.072265625 0.076171875
3 0.3017578125 0.21875 0.1015625 0.115234375
3 0.265625 0.0751953125 0.087890625 0.06640625
3 0.955078125 0.056640625 0.080078125 0.109375
3 0.8515625 0.0498046875 0.123046875 0.095703125
3 0.65234375 0.966796875 0.087890625 0.064453125