0 0.49765625 0.4453125 0.2015625 0.225
1 0.31484375 0.83359375 0.1375 0.1484375
3 0.58984375 0.14453125 0.1578125 0.1375
3 0.53203125 0.23671875 0.125 0.1140625
2 0.66953125 0.46171875 0.15 0.1921875
3 0.67578125 0.3359375 0.1390625 0.1015625
2 0.87890625 0.3796875 0.2 0.3234375
2 0.78359375 0.06328125 0.3015625 0.1265625
3 0.85390625 0.68125 0.15 0.1328125
3 0.92578125 0.6234375 0.1484375 0.140625
3 0.94140625 0.8453125 0.1171875 0.0984375
3 0.9171875 0.9296875 0.165625 0.140625
3 0.55078125 0.68125 0.134375 0.10625
1 0.396875 0.66328125 0.178125 0.153125
3 0.20703125 0.903125 0.1890625 0.0984375
3 0.634375 0.9578125 0.1609375 0.084375
3 0.7390625 0.9546875 0.1390625 0.090625
3 0.83203125 0.95390625 0.134375 0.0921875
3 0.67109375 0.8015625 0.1578125 0.190625
3 0.45 0.97578125 0.11875 0.0484375
3 0.7484375 0.68828125 0.1453125 0.125
2 0.1265625 0.73125 0.190625 0.159375