1 0.690625 0.55625 0.184375 0.1734375
1 0.6640625 0.6453125 0.171875 0.178125
1 0.86171875 0.675 0.1078125 0.1640625
1 0.95390625 0.5234375 0.0921875 0.1578125
1 0.4953125 0.453125 0.11875 0.1578125
1 0.57890625 0.6859375 0.096875 0.0984375
1 0.625 0.72421875 0.0984375 0.103125
3 0.36640625 0.68046875 0.184375 0.153125
3 0.153125 0.5515625 0.1203125 0.1578125
3 0.23359375 0.11171875 0.2078125 0.14375
3 0.56171875 0.36015625 0.1796875 0.19375
3 0.62578125 0.2875 0.1671875 0.1609375
3 0.2828125 0.378125 0.15 0.16875
3 0.06015625 0.246875 0.1203125 0.18125
2 0.09296875 0.853125 0.1578125 0.1984375
3 0.078125 0.4921875 0.14375 0.1796875
3 0.46484375 0.13984375 0.1359375 0.178125
3 0.8203125 0.30234375 0.1046875 0.1234375
3 0.90703125 0.31640625 0.1109375 0.1515625
1 0.71875 0.91875 0.140625 0.1421875