3 0.6825506036931818 0.4655983664772727 0.08212002840909083 0.11763139204545453
3 0.603759765625 0.4334161931818182 0.07768110795454553 0.13982599431818177
3 0.5282981178977273 0.42953213778409094 0.08212002840909088 0.13649680397727276
3 0.44617808948863635 0.4267578125 0.07990056818181823 0.11097301136363635
3 0.3607288707386364 0.4001242897727273 0.09543678977272729 0.146484375
3 0.2780539772727273 0.39734996448863635 0.09210759943181818 0.14759410511363635
3 0.18539151278409094 0.3940207741477273 0.08655894886363635 0.15647194602272724
3 0.7091841264204545 0.2530850497159091 0.07102272727272729 0.09876598011363638
3 0.6204057173295454 0.2625177556818182 0.08877840909090917 0.10875355113636365
3 0.5388405539772727 0.27084073153409094 0.08101029829545453 0.14093572443181818
3 0.4606045809659091 0.26307262073863635 0.07102272727272729 0.1431551846590909
3 0.3696067116477273 0.24864612926136365 0.09765624999999994 0.1498135653409091
3 0.12546608664772727 0.22645152698863635 0.07990056818181816 0.1409357244318182
3 0.21590909090909094 0.2103604403409091 0.08544921875 0.09099786931818182
3 0.298583984375 0.22367720170454547 0.059925426136363646 0.08877840909090909
3 0.10882013494318182 0.396240234375 0.06658380681818186 0.10320490056818177
3 0.03890713778409091 0.21202503551136365 0.07546164772727273 0.09432705965909094
2 0.8961736505681818 0.46115944602272724 0.17644708806818188 0.16202059659090906
3 0.9000577059659091 0.3252175071022727 0.1686789772727273 0.08322975852272724
3 0.9268576882102273 0.25095607517482516 0.14237837357954553 0.07009396853146851
3 0.9094904119318181 0.1803977272727273 0.11430220170454541 0.06436434659090909
3 0.9139293323863635 0.10493607954545454 0.10986328124999989 0.07102272727272727