0 0.61640625 0.24375 0.1578125 0.2140625
0 0.78984375 0.16640625 0.2546875 0.171875
0 0.1875 0.93359375 0.20625 0.1328125
1 0.359375 0.5359375 0.10625 0.128125
3 0.36875 0.68359375 0.09375 0.090625
1 0.20078125 0.8078125 0.1578125 0.1078125
1 0.22578125 0.7125 0.146875 0.0953125
1 0.18984375 0.55703125 0.121875 0.0828125
3 0.3609375 0.1859375 0.1140625 0.1171875
0 0.50078125 0.21796875 0.1125 0.1421875
3 0.140625 0.1234375 0.1171875 0.090625
1 0.15 0.2375 0.128125 0.115625
3 0.15859375 0.34375 0.140625 0.121875