1 0.35078125 0.45703125 0.134375 0.14921875
1 0.78828125 0.14921875 0.0984375 0.0796875
1 0.30703125 0.83359375 0.103125 0.1359375
3 0.828125 0.2640625 0.1203125 0.1265625
1 0.484375 0.1640625 0.1640625 0.1328125
3 0.23359375 0.26484375 0.125 0.11875
3 0.0671875 0.48671875 0.134375 0.1109375
1 0.06015625 0.27890625 0.1203125 0.1703125
3 0.13984375 0.8015625 0.0921875 0.0984375
3 0.396875 0.73203125 0.09375 0.103125
1 0.69921875 0.565625 0.0921875 0.0765625
1 0.58046875 0.60234375 0.1125 0.1078125
1 0.52734375 0.74140625 0.1421875 0.1546875
1 0.49453125 0.3109375 0.078125 0.0828125