1 0.09609375 0.44375 0.125 0.1828125
1 0.1796875 0.45078125 0.1234375 0.171875
1 0.2875 0.471875 0.1640625 0.2140625
1 0.375 0.48515625 0.140625 0.2203125
1 0.47734375 0.5 0.1734375 0.3140625
1 0.56484375 0.54296875 0.165625 0.28125
1 0.66171875 0.57890625 0.1453125 0.23125
1 0.7640625 0.61640625 0.175 0.18125
1 0.90703125 0.90078125 0.1828125 0.1984375
1 0.6421875 0.8328125 0.1984375 0.2078125
1 0.11015625 0.69140625 0.1609375 0.19375
1 0.29375 0.93359375 0.1640625 0.1328125
1 0.3625 0.7671875 0.165625 0.2390625
1 0.5 0.790625 0.165625 0.2421875
3 0.1625 0.89609375 0.1953125 0.2046875
3 0.2421875 0.73359375 0.1296875 0.1890625