3 0.85546875 0.6109375 0.1078125 0.125
3 0.55546875 0.41640625 0.10625 0.084375
1 0.5390625 0.49609375 0.103125 0.08125
3 0.51484375 0.59140625 0.0890625 0.0734375
3 0.63984375 0.6109375 0.0875 0.0984375
3 0.60859375 0.78203125 0.1109375 0.1078125
3 0.6203125 0.86171875 0.140625 0.0984375
3 0.6765625 0.953125 0.14375 0.09375
3 0.4828125 0.809375 0.1125 0.11875
3 0.38515625 0.66328125 0.1015625 0.1640625
3 0.29609375 0.9578125 0.1234375 0.084375
3 0.1625 0.93359375 0.153125 0.1328125
3 0.08125 0.87109375 0.1140625 0.1203125