1 0.7451171875 0.037109375 0.12890625 0.07421875
3 0.779296875 0.1025390625 0.12109375 0.099609375
3 0.76953125 0.1904296875 0.17578125 0.12109375
3 0.80859375 0.26953125 0.142578125 0.1171875
3 0.841796875 0.35546875 0.119140625 0.09765625
3 0.8583984375 0.4375 0.123046875 0.09765625
3 0.853515625 0.5244140625 0.14453125 0.119140625
3 0.90234375 0.6083984375 0.126953125 0.099609375
3 0.923828125 0.6904296875 0.134765625 0.111328125
3 0.9443359375 0.7666015625 0.111328125 0.103515625
3 0.951171875 0.869140625 0.09765625 0.11328125
1 0.783203125 0.92578125 0.123046875 0.09375
3 0.7744140625 0.814453125 0.177734375 0.12890625
1 0.734375 0.7421875 0.099609375 0.087890625
1 0.7314453125 0.6591796875 0.11328125 0.103515625
1 0.70703125 0.5732421875 0.1171875 0.09765625
3 0.6982421875 0.4736328125 0.130859375 0.115234375
3 0.6572265625 0.4033203125 0.11328125 0.091796875
1 0.6455078125 0.3173828125 0.107421875 0.08984375
1 0.6201171875 0.234375 0.119140625 0.09375
1 0.6025390625 0.1484375 0.14453125 0.0859375
3 0.564453125 0.0693359375 0.08984375 0.0859375
1 0.326171875 0.04296875 0.154296875 0.0859375
3 0.3564453125 0.1142578125 0.111328125 0.09375
1 0.375 0.2001953125 0.142578125 0.107421875
1 0.412109375 0.275390625 0.1171875 0.103515625
3 0.4443359375 0.3623046875 0.1328125 0.10546875
1 0.458984375 0.447265625 0.09765625 0.083984375
3 0.478515625 0.52734375 0.107421875 0.08984375
3 0.494140625 0.623046875 0.11328125 0.091796875
3 0.5205078125 0.708984375 0.099609375 0.083984375
3 0.5224609375 0.794921875 0.146484375 0.087890625
3 0.525390625 0.8740234375 0.15234375 0.1015625
3 0.5439453125 0.94921875 0.107421875 0.078125
3 0.103515625 0.8681640625 0.103515625 0.087890625
2 0.115234375 0.5927734375 0.087890625 0.208984375
0 0.27734375 0.6572265625 0.080078125 0.166015625