1 0.04622395833333333 0.7607421875000001 0.09244791666666666 0.134765625
1 0.16634114583333334 0.8330078125 0.10481770833333333 0.123046875
3 0.2698567708333333 0.8056640625 0.10091145833333334 0.11263020833333326
3 0.3662109375 0.76953125 0.091796875 0.07682291666666674
2 0.3896484375 0.8714192708333334 0.166015625 0.126953125
3 0.3964188613731656 0.9466145833333333 0.12356688941299793 0.10286458333333337
3 0.03743489583333333 0.5579427083333334 0.07486979166666666 0.15494791666666669
3 0.09798177083333333 0.5719401041666667 0.08919270833333334 0.11393229166666663
3 0.20247395833333334 0.5983072916666667 0.09635416666666669 0.13802083333333337
3 0.2936197916666667 0.607421875 0.09635416666666666 0.12109375
3 0.37565104166666663 0.6393229166666666 0.09895833333333331 0.12109375
3 0.45930989583333337 0.6735026041666667 0.10351562500000006 0.13736979166666663
3 0.5504557291666666 0.6901041666666666 0.095703125 0.1328125
3 0.63671875 0.7151692708333334 0.09375 0.123046875
3 0.6639801150977367 0.9456380208333333 0.13134564686214 0.10481770833333337
1 0.7125651041666667 0.8766276041666666 0.12955729166666663 0.115234375
1 0.7291666666666667 0.791015625 0.15104166666666663 0.1171875
1 0.08268229166666667 0.3063151041666667 0.11588541666666667 0.16471354166666666
1 0.2705078125 0.37369791666666663 0.09309895833333334 0.13020833333333331
3 0.3512369791666667 0.40201822916666663 0.095703125 0.11783854166666669
1 0.44889322916666663 0.42447916666666663 0.09830729166666669 0.11848958333333331
1 0.5237630208333333 0.453125 0.09049479166666663 0.1015625
3 0.6123046875 0.4697265625 0.08919270833333326 0.10481770833333331
1 0.6920572916666666 0.4957682291666667 0.08984375 0.11653645833333337
1 0.779296875 0.5227864583333333 0.11067708333333326 0.12760416666666663
1 0.9016927083333333 0.5751953125 0.14713541666666663 0.138671875
1 0.9527994791666667 0.6435546875 0.09049479166666663 0.13606770833333326
1 0.9612630208333333 0.787109375 0.07356770833333337 0.09375
3 0.9384765625 0.9205729166666667 0.119140625 0.11458333333333337
1 0.931640625 0.2600911458333333 0.11979166666666674 0.17122395833333334
1 0.8561197916666667 0.2177734375 0.10416666666666663 0.11783854166666666
1 0.7633463541666667 0.185546875 0.09700520833333337 0.12239583333333333
1 0.6604817708333333 0.158203125 0.09830729166666663 0.10677083333333333
1 0.5638020833333333 0.1318359375 0.10286458333333337 0.12174479166666667
1 0.45963541666666663 0.11686197916666666 0.10416666666666669 0.150390625
3 0.37630208333333337 0.08235677083333333 0.09895833333333331 0.11263020833333333
3 0.1526961936090226 0.05724271616541356 0.1365718984962406 0.11160714285714285