3 0.390625 0.2578125 0.13125 0.1015625
3 0.47890625 0.2046875 0.096875 0.1109375
3 0.52734375 0.23203125 0.0921875 0.09375
3 0.63125 0.225 0.1 0.1140625
3 0.66640625 0.2609375 0.1140625 0.1171875
3 0.47421875 0.37421875 0.1484375 0.11875
3 0.1125 0.4015625 0.1234375 0.0921875
2 0.84296875 0.48359375 0.234375 0.2296875
2 0.86875 0.67265625 0.2625 0.153125
3 0.1 0.8125 0.1328125 0.115625
3 0.22734375 0.7828125 0.11875 0.1453125
3 0.30625 0.8328125 0.1140625 0.11875
3 0.3828125 0.87109375 0.1140625 0.1109375
3 0.50234375 0.92890625 0.1140625 0.1328125
3 0.596875 0.93359375 0.090625 0.1125
2 0.6765625 0.47578125 0.11328125 0.1265625
2 0.675 0.61015625 0.09453125 0.11015625
0 0.74140625 0.7640625 0.29609375 0.19296875
1 0.34765625 0.40859375 0.09609375 0.09140625
1 0.2984375 0.346875 0.11171875 0.10390625
1 0.19296875 0.49765625 0.13515625 0.11953125