2 0.64765625 0.53828125 0.2375 0.21875
1 0.69140625 0.83984375 0.484375 0.303125
1 0.35859375 0.70078125 0.1078125 0.1578125
1 0.1359375 0.42578125 0.125 0.190625
1 0.746875 0.303125 0.1265625 0.16875
1 0.66171875 0.28125 0.125 0.15625
1 0.57734375 0.2671875 0.121875 0.15625
1 0.08984375 0.63984375 0.1203125 0.175
1 0.18359375 0.65234375 0.1296875 0.175
1 0.2640625 0.67421875 0.1265625 0.1765625
1 0.2140625 0.9203125 0.128125 0.146875
1 0.103125 0.91328125 0.125 0.1734375
1 0.534375 0.06875 0.11875 0.1375
3 0.040625 0.88984375 0.08125 0.1546875
3 0.02734375 0.634375 0.0546875 0.1546875
3 0.39609375 0.49453125 0.125 0.1890625
3 0.31328125 0.48515625 0.1078125 0.1859375
3 0.225 0.459375 0.121875 0.1765625
3 0.0515625 0.40234375 0.103125 0.184375
3 0.48515625 0.2671875 0.1140625 0.1671875
3 0.39765625 0.23125 0.115625 0.153125
3 0.31015625 0.21640625 0.11875 0.165625
1 0.228125 0.19609375 0.1296875 0.1734375
1 0.03125 0.14921875 0.0625 0.1421875
3 0.134375 0.17890625 0.1125 0.1453125
3 0.834375 0.3296875 0.109375 0.1640625
3 0.921875 0.34921875 0.1125 0.1484375
3 0.971875 0.35390625 0.05625 0.1703125
3 0.6234375 0.05859375 0.1203125 0.1171875
3 0.7015625 0.09453125 0.1265625 0.165625
3 0.7953125 0.1046875 0.134375 0.1703125
3 0.878125 0.11875 0.128125 0.165625
3 0.95390625 0.1328125 0.0921875 0.146875
3 0.44453125 0.0484375 0.1078125 0.096875
1 0.346875 0.04609375 0.1109375 0.0921875