1 0.8251953125 0.27734375 0.134765625 0.150390625
1 0.72265625 0.9326171875 0.19140625 0.119140625
1 0.626953125 0.853515625 0.1015625 0.103515625
3 0.53515625 0.78125 0.11328125 0.1015625
3 0.439453125 0.6982421875 0.099609375 0.095703125
3 0.326171875 0.6328125 0.12109375 0.1015625
3 0.142578125 0.8525390625 0.099609375 0.103515625
3 0.42578125 0.3623046875 0.119140625 0.1328125
3 0.5400390625 0.5966796875 0.107421875 0.123046875
3 0.1845703125 0.5087890625 0.1171875 0.111328125
1 0.0947265625 0.421875 0.08984375 0.1015625