3 0.5890625 0.1234375 0.1140625 0.109375
3 0.6609375 0.14453125 0.1484375 0.1546875
1 0.7484375 0.17890625 0.159375 0.1453125
3 0.80859375 0.31015625 0.12578125 0.1375
1 0.9546875 0.2390625 0.090625 0.096875
1 0.48125 0.43828125 0.128125 0.121875
1 0.13671875 0.353125 0.215625 0.1890625
3 0.50859375 0.58984375 0.2234375 0.2171875
1 0.725 0.496875 0.15078125 0.18671875
3 0.809375 0.6453125 0.171875 0.1484375
3 0.94765625 0.43515625 0.1046875 0.16171875
3 0.2234375 0.946875 0.08046875 0.1015625
3 0.86796875 0.94765625 0.1421875 0.1046875
1 0.915625 0.190625 0.09453125 0.0765625