1 0.4308982090643275 0.8312317251461988 0.13249269005847952 0.14848318713450293
1 0.8632127192982456 0.345234831871345 0.09023209064327498 0.11764437134502925
2 0.9054733187134503 0.6896016081871346 0.12906615497076035 0.13249269005847963
2 0.10309301900584797 0.40976790935672514 0.18731725146198835 0.2375730994152047
3 0.15049342105263158 0.7409996345029239 0.1153600146198831 0.1119334795321637
3 0.43146929824561403 0.2698510599415205 0.12221308479532167 0.13135051169590642
3 0.316109283625731 0.6353481359649122 0.09708516081871355 0.09251644736842113
0 0.510279605263158 0.5919453581871346 0.10622258771929827 0.11307565789473684
1 0.44974415204678364 0.7170138888888888 0.11536001461988299 0.09365862573099426
2 0.7558479532163743 0.33438413742690054 0.10165387426900585 0.10279605263157893
1 0.9631533260233919 0.21559758771929827 0.05939327485380108 0.08223684210526319
3 0.8129568713450293 0.17276589912280702 0.0833790204678364 0.08794773391812866
3 0.7381441885964912 0.2013203581871345 0.08452119883040932 0.07195723684210525
1 0.5148483187134503 0.19446728801169588 0.10622258771929816 0.13363486842105263
1 0.09452668128654967 0.9254614400584795 0.11079130116959057 0.11764437134502925
2 0.2532894736842105 0.7175849780701755 0.10850694444444442 0.11307565789473684
3 0.04778497869318183 0.8162730823863636 0.0887784090909091 0.07768110795454541
1 0.4542914496527778 0.9731889204545454 0.09390782828282829 0.04971590909090906
3 0.6165216619318182 0.18927556818181818 0.08322975852272729 0.08877840909090909
3 0.8856312144886365 0.19704367897727273 0.04660866477272718 0.062144886363636354