3 0.1181640625 0.9443359375 0.162109375 0.107421875
3 0.1376953125 0.861328125 0.150390625 0.109375
3 0.17578125 0.783203125 0.150390625 0.125
3 0.2109375 0.6787109375 0.140625 0.11328125
3 0.2294921875 0.5908203125 0.126953125 0.130859375
3 0.2529296875 0.4365234375 0.115234375 0.171875
3 0.349609375 0.439453125 0.1015625 0.181640625
3 0.4384765625 0.4560546875 0.109375 0.173828125
3 0.5380859375 0.4423828125 0.10546875 0.169921875
3 0.314453125 0.2138671875 0.19921875 0.212890625
3 0.5107421875 0.20703125 0.1796875 0.185546875
3 0.6337890625 0.943359375 0.13671875 0.109375
3 0.6552734375 0.8681640625 0.150390625 0.126953125
3 0.6787109375 0.765625 0.189453125 0.13671875
3 0.7119140625 0.646484375 0.13671875 0.125
3 0.7353515625 0.5341796875 0.138671875 0.1015625
3 0.755859375 0.447265625 0.13671875 0.111328125
1 0.748046875 0.275390625 0.16796875 0.162109375
3 0.76953125 0.099609375 0.146484375 0.189453125
3 0.921875 0.26953125 0.15234375 0.16015625
3 0.9130859375 0.494140625 0.13671875 0.177734375
3 0.3662109375 0.95703125 0.18359375 0.08203125
3 0.408203125 0.8837890625 0.134765625 0.10546875
3 0.4287109375 0.7919921875 0.107421875 0.1015625
3 0.4443359375 0.701171875 0.13671875 0.09765625
1 0.4521484375 0.6005859375 0.16796875 0.111328125
3 0.8486328125 0.96484375 0.125 0.06640625
3 0.94921875 0.771484375 0.09765625 0.134765625
3 0.5712890625 0.056640625 0.130859375 0.1015625