0 0.171875 0.09140625 0.2828125 0.1828125
0 0.190625 0.36953125 0.36875 0.3140625
1 0.12421875 0.634375 0.1296875 0.121875
1 0.06015625 0.8703125 0.1203125 0.153125
1 0.13671875 0.8625 0.1046875 0.1484375
1 0.84453125 0.8421875 0.1125 0.13125
1 0.746875 0.2296875 0.096875 0.1453125
1 0.93359375 0.41171875 0.096875 0.146875
3 0.51015625 0.23671875 0.1140625 0.159375
3 0.49375 0.41015625 0.115625 0.1828125
3 0.57890625 0.42734375 0.134375 0.1890625
3 0.65390625 0.42265625 0.1515625 0.184375
3 0.7546875 0.4328125 0.1296875 0.171875
3 0.83203125 0.428125 0.15625 0.184375
1 0.6640625 0.23359375 0.14375 0.153125
1 0.83984375 0.2359375 0.121875 0.175
3 0.5640625 0.6234375 0.1109375 0.140625
1 0.38125 0.64375 0.1015625 0.1375
3 0.66640625 0.85390625 0.1265625 0.1484375
3 0.20703125 0.8421875 0.128125 0.19375
3 0.30703125 0.8578125 0.1328125 0.1734375
3 0.49375 0.8609375 0.0703125 0.1578125
3 0.8453125 0.6328125 0.1046875 0.1765625
3 0.925 0.625 0.140625 0.178125