3 0.8828125 0.048828125 0.072265625 0.08984375
3 0.9619140625 0.26953125 0.076171875 0.1484375
3 0.87109375 0.287109375 0.099609375 0.11328125
3 0.7314453125 0.24609375 0.111328125 0.103515625
3 0.6181640625 0.2861328125 0.080078125 0.087890625
3 0.4765625 0.232421875 0.1171875 0.15234375
3 0.5380859375 0.1220703125 0.08203125 0.076171875
3 0.39453125 0.2138671875 0.083984375 0.154296875
1 0.396484375 0.0849609375 0.052734375 0.056640625
3 0.201171875 0.0673828125 0.1015625 0.11328125
1 0.111328125 0.08203125 0.064453125 0.07421875
1 0.0791015625 0.0576171875 0.056640625 0.0625
3 0.1826171875 0.349609375 0.197265625 0.16796875
1 0.33984375 0.431640625 0.09375 0.09375
1 0.416015625 0.52734375 0.119140625 0.119140625
3 0.8212890625 0.67578125 0.140625 0.16015625
3 0.8994140625 0.8310546875 0.126953125 0.1328125
3 0.52734375 0.8583984375 0.134765625 0.09765625
3 0.431640625 0.8662109375 0.05859375 0.05859375
3 0.37109375 0.935546875 0.130859375 0.12890625
3 0.3115234375 0.705078125 0.146484375 0.283203125
3 0.04296875 0.658203125 0.08203125 0.12109375