1 0.58828125 0.59765625 0.1484375 0.1390625
3 0.7796875 0.346875 0.1234375 0.1734375
1 0.59140625 0.33984375 0.15 0.096875
3 0.59921875 0.41875 0.1421875 0.1
3 0.59375 0.24921875 0.19375 0.0953125
3 0.5765625 0.15625 0.1578125 0.1
3 0.565625 0.06640625 0.153125 0.1078125
1 0.77421875 0.5921875 0.11875 0.1734375
3 0.13203125 0.63046875 0.128125 0.1265625
3 0.18046875 0.91796875 0.1015625 0.1390625
3 0.1078125 0.29375 0.13125 0.10625
3 0.140625 0.490625 0.1234375 0.1203125
3 0.0703125 0.93359375 0.121875 0.1234375
3 0.0421875 0.5953125 0.084375 0.1171875
3 0.053125 0.6984375 0.10625 0.121875
3 0.94375 0.39921875 0.1125 0.1390625
1 0.94375 0.55859375 0.1125 0.1546875
3 0.77265625 0.046875 0.1484375 0.08125
3 0.75390625 0.19765625 0.1 0.0875
3 0.7734375 0.8140625 0.15 0.0984375
3 0.7984375 0.92421875 0.1609375 0.1390625