1 0.6234375 0.8875 0.140625 0.14375
1 0.93671875 0.04765625 0.1265625 0.0828125
1 0.3859375 0.03671875 0.1453125 0.0734375
1 0.596875 0.21328125 0.14375 0.10625
3 0.696875 0.08046875 0.13125 0.109375
3 0.8703125 0.25 0.1265625 0.1421875
3 0.8640625 0.46171875 0.140625 0.2015625
2 0.0921875 0.72890625 0.1109375 0.1375
2 0.21953125 0.85390625 0.090625 0.1265625
3 0.08515625 0.06484375 0.1546875 0.1296875
3 0.59296875 0.709375 0.1359375 0.1171875
3 0.49296875 0.8171875 0.1046875 0.125
3 0.734375 0.421875 0.1171875 0.134375
3 0.478125 0.28828125 0.1234375 0.1515625
3 0.26015625 0.19375 0.128125 0.140625
3 0.95234375 0.81171875 0.0953125 0.1484375
3 0.80546875 0.73359375 0.125 0.14375
3 0.746875 0.69921875 0.11875 0.153125
3 0.0734375 0.9484375 0.134375 0.103125