3 0.462890625 0.6845703125 0.115234375 0.142578125
3 0.384765625 0.642578125 0.1015625 0.1171875
3 0.30859375 0.6240234375 0.119140625 0.15625
3 0.2587890625 0.583984375 0.126953125 0.14453125
3 0.169921875 0.5537109375 0.13671875 0.1484375
3 0.1181640625 0.494140625 0.11328125 0.1171875
3 0.056640625 0.47265625 0.109375 0.134765625
3 0.529296875 0.505859375 0.1484375 0.103515625
3 0.599609375 0.35546875 0.177734375 0.140625
3 0.4013671875 0.421875 0.10546875 0.0859375
3 0.4716796875 0.291015625 0.14453125 0.158203125
3 0.3349609375 0.40234375 0.109375 0.134765625
3 0.3984375 0.2587890625 0.1328125 0.15625
3 0.3291015625 0.232421875 0.125 0.158203125
3 0.27734375 0.3623046875 0.111328125 0.12109375
3 0.203125 0.318359375 0.125 0.1328125
3 0.265625 0.201171875 0.126953125 0.1484375
3 0.1279296875 0.30078125 0.087890625 0.1171875
3 0.0615234375 0.259765625 0.119140625 0.125
3 0.1923828125 0.1650390625 0.1171875 0.138671875
3 0.123046875 0.123046875 0.119140625 0.125
3 0.0693359375 0.0888671875 0.111328125 0.109375
3 0.798828125 0.4404296875 0.17578125 0.1484375
3 0.8935546875 0.4912109375 0.10546875 0.125
3 0.94140625 0.537109375 0.11328125 0.134765625
3 0.93359375 0.3037109375 0.126953125 0.130859375
3 0.7060546875 0.169921875 0.13671875 0.16796875
3 0.62890625 0.14453125 0.09375 0.1328125
3 0.5419921875 0.107421875 0.099609375 0.103515625
3 0.3701171875 0.044921875 0.130859375 0.0859375
3 0.9228515625 0.1591796875 0.1328125 0.107421875