1 0.19537908380681818 0.31855912642045453 0.13538707386363635 0.15425248579545456
3 0.2342196377840909 0.6714533025568181 0.16645951704545453 0.18976384943181823
3 0.48224431818181823 0.7097389914772727 0.1231800426136363 0.12872869318181812
1 0.7718838778409091 0.6376065340909091 0.10986328125 0.12650923295454541
2 0.7752130681818181 0.8501198508522727 0.17644708806818188 0.1808860085227273
1 0.92724609375 0.46448863636363635 0.1364968039772726 0.19975142045454541
3 0.5454989346590908 0.9366787997159092 0.10764382102272724 0.11652166193181823
1 0.28082830255681823 0.9300204190340909 0.13982599431818182 0.13427734375
1 0.09661310369318182 0.09661310369318182 0.12428977272727272 0.09654651988636365
1 0.046120383522727265 0.286376953125 0.08322975852272727 0.12983842329545456
1 0.04279119318181819 0.188720703125 0.07879083806818182 0.07879083806818182
1 0.6553622159090909 0.3812588778409091 0.08988813920454541 0.1220703125