1 0.50859375 0.0671875 0.1171875 0.1171875
1 0.68359375 0.390625 0.121875 0.1109375
1 0.41953125 0.24609375 0.15 0.1390625
3 0.79921875 0.14453125 0.1125 0.1078125
3 0.86015625 0.04921875 0.15625 0.0984375
3 0.88125 0.1375 0.13125 0.084375
3 0.91796875 0.20859375 0.1328125 0.125
3 0.93984375 0.3109375 0.1203125 0.10625
3 0.81953125 0.409375 0.1140625 0.096875
3 0.7109375 0.4828125 0.1421875 0.0984375
3 0.86484375 0.54140625 0.0984375 0.0984375
3 0.95234375 0.43046875 0.0953125 0.134375
3 0.80390625 0.628125 0.0890625 0.1046875
3 0.746875 0.8046875 0.1359375 0.1234375
1 0.771875 0.8859375 0.146875 0.0953125
3 0.5234375 0.53515625 0.153125 0.175
1 0.53515625 0.6859375 0.14375 0.1203125
1 0.72578125 0.65703125 0.115625 0.1171875
1 0.21015625 0.88203125 0.15 0.1
3 0.5609375 0.95625 0.15 0.0875