3 0.1546875 0.0796875 0.1234375 0.1203125
3 0.07109375 0.2875 0.1390625 0.1484375
1 0.03828125 0.03125 0.071875 0.0625
3 0.2046875 0.703125 0.1296875 0.1328125
3 0.56484375 0.73515625 0.084375 0.0984375
3 0.4 0.63828125 0.1421875 0.1234375
3 0.46796875 0.575 0.065625 0.0625
1 0.115625 0.5421875 0.1234375 0.1078125
1 0.3 0.440625 0.13125 0.1375
1 0.2484375 0.86640625 0.14375 0.0984375
1 0.14296875 0.82890625 0.1171875 0.0984375
1 0.7921875 0.68359375 0.121875 0.1296875
1 0.9296875 0.59609375 0.0875 0.103125
1 0.63359375 0.40234375 0.1125 0.1140625
1 0.48359375 0.41796875 0.071875 0.071875
3 0.95390625 0.04453125 0.0921875 0.0890625
1 0.6765625 0.9171875 0.16875 0.11875