0 0.837890625 0.7945963541666666 0.23307291666666674 0.224609375
3 0.7415364583333333 0.5794270833333334 0.22526041666666663 0.19270833333333331
3 0.8704427083333333 0.5621744791666666 0.10026041666666663 0.111328125
3 0.9615885416666665 0.5406901041666667 0.07682291666666663 0.10742187500000006
3 0.7457682291666667 0.3916015625 0.12955729166666663 0.11653645833333337
3 0.5787760416666666 0.3141276041666667 0.07421875 0.099609375
0 0.8310546875 0.21126302083333331 0.14388020833333326 0.16601562499999997
0 0.8893229166666667 0.10026041666666666 0.14583333333333337 0.140625
2 0.5361328125 0.08268229166666667 0.15690104166666669 0.13802083333333334
1 0.24967447916666669 0.244140625 0.10611979166666666 0.12630208333333334
1 0.037434895833333336 0.20768229166666666 0.07486979166666667 0.08723958333333331
1 0.1435546875 0.12890625 0.07747395833333333 0.09375
3 0.45052083333333337 0.038411458333333336 0.10937500000000006 0.07682291666666667
3 0.07486979166666666 0.6800130208333333 0.10156249999999999 0.11002604166666663
3 0.23307291666666669 0.6087239583333334 0.10937500000000003 0.11328125
0 0.34830729166666663 0.46940104166666663 0.10026041666666669 0.17187499999999994
3 0.37434895833333337 0.8824869791666666 0.12760416666666669 0.134765625
3 0.2373046875 0.8948567708333333 0.10221354166666666 0.17122395833333337
3 0.4794921875 0.762939453125 0.1630859375 0.14111328125