3 0.08423783396946564 0.8765555423027991 0.1684756679389313 0.13865696564885488
3 0.09243797709923664 0.707796596692112 0.18487595419847327 0.1878578244274809
3 0.10266579198473284 0.5067092080152672 0.14014790076335878 0.09541984732824421
3 0.06464694656488551 0.4299260496183206 0.09094704198473283 0.07603769083969464
3 0.076171875 0.32975260416666663 0.15234375 0.14127604166666663
3 0.04361979166666667 0.22233072916666669 0.08723958333333334 0.07617187500000003
3 0.046549479166666664 0.12337239583333331 0.09309895833333333 0.11783854166666667
2 0.359375 0.0546875 0.23046875 0.109375
2 0.2978515625 0.1044921875 0.248046875 0.1875
2 0.30810546875 0.2705078125 0.2451171875 0.18359375
2 0.35888671875 0.431640625 0.2392578125 0.201171875
2 0.349609375 0.59423828125 0.111328125 0.1025390625
2 0.4072265625 0.8095703125 0.171875 0.212890625
2 0.49462890625 0.68359375 0.1748046875 0.140625
2 0.56982421875 0.572265625 0.1826171875 0.1484375
2 0.6337890625 0.12255859375 0.1875 0.2451171875
2 0.78125 0.15966796875 0.25390625 0.3193359375
0 0.873046875 0.185546875 0.25390625 0.37109375
1 0.72216796875 0.7998046875 0.1181640625 0.12109375
3 0.79150390625 0.70458984375 0.1416015625 0.1474609375
3 0.86083984375 0.5859375 0.1279296875 0.123046875
1 0.837890625 0.87060546875 0.13671875 0.1494140625
3 0.9345703125 0.91357421875 0.130859375 0.1240234375
3 0.904296875 0.76513671875 0.103515625 0.1240234375
3 0.96435546875 0.65625 0.0712890625 0.119140625
3 0.93603515625 0.47216796875 0.1279296875 0.1533203125