1 0.78671875 0.765625 0.14375 0.128125
3 0.75234375 0.5375 0.1640625 0.140625
3 0.6984375 0.33046875 0.140625 0.1296875
1 0.790625 0.3015625 0.1234375 0.121875
1 0.85546875 0.96328125 0.1203125 0.0734375
3 0.89765625 0.74609375 0.0921875 0.11875
3 0.96171875 0.74765625 0.0765625 0.0890625
3 0.521875 0.428125 0.1546875 0.121875
3 0.084375 0.22890625 0.15 0.14375
3 0.2984375 0.27109375 0.1 0.1484375
3 0.265625 0.471875 0.1484375 0.15
3 0.16171875 0.88828125 0.16875 0.1578125
2 0.4171875 0.86328125 0.1296875 0.196875
2 0.5125 0.83046875 0.1359375 0.1578125
2 0.38125 0.11484375 0.39375 0.2296875
3 0.22578125 0.59453125 0.1421875 0.096875
3 0.18046875 0.759375 0.19375 0.1359375
3 0.05859375 0.4328125 0.1171875 0.1453125
3 0.50625 0.67421875 0.096875 0.0578125