2 0.697265625 0.8623046875 0.12109375 0.107421875
2 0.5771484375 0.8251953125 0.12109375 0.099609375
2 0.263671875 0.6904296875 0.12109375 0.07421875
3 0.1962890625 0.447265625 0.1015625 0.11328125
3 0.279296875 0.3828125 0.09765625 0.107421875
3 0.3720703125 0.3515625 0.11328125 0.10546875
3 0.560546875 0.154296875 0.201171875 0.158203125
0 0.8046875 0.1044921875 0.150390625 0.13671875
2 0.193359375 0.2841796875 0.103515625 0.095703125
2 0.125 0.13671875 0.248046875 0.16796875
2 0.4091796875 0.03515625 0.142578125 0.06640625