0 0.23046875 0.18046875 0.1671875 0.17890625
0 0.14609375 0.08984375 0.1171875 0.10625
1 0.56015625 0.3796875 0.1359375 0.134375
3 0.5453125 0.5578125 0.1015625 0.1265625
3 0.1 0.7671875 0.1078125 0.1140625
3 0.15390625 0.9109375 0.1078125 0.1046875
0 0.2890625 0.71875 0.1578125 0.178125
1 0.26875 0.8546875 0.10625 0.1203125
1 0.371875 0.946875 0.1125 0.1046875
1 0.703125 0.94765625 0.13125 0.1046875
1 0.50703125 0.89375 0.115625 0.1125
3 0.95390625 0.05078125 0.09140625 0.09765625
1 0.48125 0.740625 0.08359375 0.096875
1 0.5328125 0.809375 0.09140625 0.08984375