0 0.16328125 0.11015625 0.196875 0.21875
3 0.20234375 0.29375 0.1359375 0.1453125
3 0.2421875 0.52109375 0.171875 0.1484375
3 0.39921875 0.421875 0.1890625 0.1390625
3 0.68125 0.33203125 0.178125 0.15
3 0.7671875 0.31796875 0.1484375 0.178125
3 0.834375 0.27421875 0.1546875 0.178125
3 0.55859375 0.10859375 0.1453125 0.171875
3 0.64296875 0.08828125 0.1734375 0.1578125
3 0.7296875 0.078125 0.10625 0.1328125
3 0.69375 0.48984375 0.16875 0.146875
3 0.771875 0.4625 0.1984375 0.1640625
3 0.86171875 0.43828125 0.1265625 0.15
3 0.4859375 0.571875 0.19375 0.115625
3 0.3375 0.66484375 0.18125 0.1171875
3 0.415625 0.796875 0.1546875 0.1328125
3 0.771875 0.7296875 0.1875 0.10625
3 0.92734375 0.66328125 0.1453125 0.153125
3 0.55625 0.72890625 0.1796875 0.128125
3 0.1015625 0.7375 0.125 0.15625
3 0.04296875 0.76484375 0.0859375 0.1421875
3 0.190625 0.91796875 0.1734375 0.1140625
3 0.47421875 0.87734375 0.1984375 0.1578125