3 0.90859375 0.10703125 0.1828125 0.1046875
1 0.128125 0.0390625 0.1078125 0.078125
1 0.15234375 0.1203125 0.1765625 0.1046875
1 0.08046875 0.2265625 0.11875 0.10625
1 0.61640625 0.42265625 0.109375 0.09921875
3 0.78828125 0.4671875 0.1109375 0.1140625
3 0.91015625 0.409375 0.0921875 0.1234375
3 0.575 0.5640625 0.10625 0.128125
3 0.91015625 0.8921875 0.1109375 0.121875
3 0.29765625 0.93125 0.1390625 0.121875
1 0.1640625 0.84375 0.128125 0.1265625
1 0.059375 0.73125 0.11875 0.121875
1 0.22265625 0.4765625 0.1515625 0.103125
2 0.35859375 0.5359375 0.1390625 0.146875
3 0.2421875 0.62109375 0.1 0.0890625
3 0.1484375 0.64375 0.08359375 0.09609375
3 0.075 0.54375 0.15 0.146875
3 0.05234375 0.484375 0.1046875 0.1109375
3 0.09609375 0.6046875 0.09140625 0.07890625