3 0.1296875 0.12734375 0.1109375 0.16875
3 0.08828125 0.09921875 0.1265625 0.1578125
3 0.05078125 0.07265625 0.1015625 0.1453125
3 0.303125 0.19375 0.1671875 0.1734375
3 0.34140625 0.271875 0.16875 0.184375
3 0.375 0.3328125 0.184375 0.184375
3 0.3953125 0.39765625 0.1609375 0.1578125
3 0.45390625 0.47890625 0.14375 0.1984375
3 0.46171875 0.5125 0.1828125 0.1359375
3 0.6046875 0.21953125 0.1875 0.18125
3 0.63046875 0.278125 0.246875 0.1203125
3 0.67421875 0.32578125 0.25 0.1015625
3 0.7125 0.3765625 0.240625 0.1390625
3 0.74921875 0.4203125 0.2171875 0.125
3 0.7828125 0.4625 0.2328125 0.153125
3 0.8515625 0.5546875 0.1625 0.1734375
3 0.90625 0.1109375 0.1875 0.153125
3 0.9390625 0.18828125 0.121875 0.1578125