1 0.9444469105113636 0.17706853693181818 0.10431463068181812 0.12428977272727273
3 0.6531427556818182 0.24920099431818182 0.07657137784090917 0.18421519886363635
1 0.9056063565340909 0.6947576349431819 0.07990056818181812 0.08322975852272718
3 0.9607044566761365 0.892341060914855 0.07468483664772718 0.1277218945569828
0 0.08440607244318182 0.1826171875 0.16424005681818182 0.3462357954545454
1 0.3091264204545454 0.15653852982954547 0.09654651988636359 0.12318004261363637
3 0.27306019176136365 0.255859375 0.08212002840909086 0.08212002840909091
3 0.42176402698863635 0.19870827414772727 0.10209517045454547 0.08544921875
3 0.11103959517045454 0.41954456676136365 0.1309481534090909 0.13871626420454547
3 0.21868341619318182 0.6836603338068181 0.13538707386363635 0.15425248579545447
3 0.8279252485795455 0.34630237926136365 0.1708984375 0.17422762784090906
3 0.899502840909091 0.3818137428977273 0.09654651988636365 0.12983842329545453
3 0.9484974254261365 0.41505135305932306 0.09909889914772718 0.10975469475500971
3 0.9461115056818181 0.5205300071022727 0.10098544034090906 0.08544921875