3 0.16165865384615383 0.20603590745192307 0.10141225961538464 0.10047325721153846
0 0.18372521033653844 0.3248197115384616 0.13803335336538458 0.10516826923076916
3 0.22034630408653844 0.4370304987980769 0.09296123798076916 0.08169320913461542
1 0.30908203125 0.5680213341346154 0.11831430288461542 0.1239483173076924
3 0.38232421875 0.66943359375 0.12582632211538458 0.1446063701923077
3 0.5020470252403846 0.7623948317307692 0.11737530048076916 0.13709435096153844
0 0.5931302584134615 0.7896259014423077 0.09859525240384615 0.1915564903846153
2 0.6917255108173077 0.7811748798076923 0.09671724759615385 0.13709435096153844
0 0.9034705528846153 0.9403357872596154 0.16526442307692313 0.11361929086538469
2 0.6241173377403846 0.30650916466346156 0.12864332932692313 0.11361929086538458
0 0.8081618088942307 0.26566256009615385 0.12300931490384603 0.13897235576923078
0 0.9657827524038461 0.23952073317307693 0.06452824519230771 0.11861478365384617
3 0.46120042067307687 0.17223182091346154 0.06948617788461542 0.07981520432692307
3 0.5367901141826923 0.1910118689903846 0.06479116586538458 0.10047325721153844
0 0.6785794771634615 0.18209134615384615 0.1586914062499999 0.08263221153846154
3 0.5626126802884615 0.9351712740384615 0.11268028846153844 0.11831430288461531
3 0.31847205528846156 0.9304762620192308 0.12958233173076922 0.0995342548076924
3 0.18389423076923078 0.9370304987980769 0.10456730769230771 0.12203275240384603
1 0.21236478365384615 0.6736591045673077 0.15963040865384615 0.10422926682692313
1 0.23255333533653846 0.7839918870192308 0.1230093149038462 0.15963040865384615