0 0.4671875 0.1171875 0.146875 0.153125
0 0.390625 0.04140625 0.1140625 0.0828125
2 0.30078125 0.31484375 0.2 0.26484375
3 0.9328125 0.26171875 0.134375 0.171875
0 0.08046875 0.7953125 0.140625 0.128125
0 0.0828125 0.6796875 0.165625 0.19375
2 0.34453125 0.6078125 0.1484375 0.13828125
2 0.53984375 0.5890625 0.196875 0.1921875
2 0.5171875 0.7359375 0.071875 0.071875
2 0.4703125 0.8546875 0.1171875 0.1296875
2 0.46015625 0.97109375 0.1125 0.0578125
2 0.94375 0.7875 0.1125 0.153125
3 0.8109375 0.79296875 0.06875 0.075
2 0.79296875 0.66015625 0.1171875 0.1125
2 0.6953125 0.5578125 0.08125 0.146875
3 0.6421875 0.75078125 0.065625 0.1015625
3 0.70234375 0.78359375 0.065625 0.140625
3 0.94921875 0.0515625 0.0984375 0.103125
0 0.34921875 0.71953125 0.12265625 0.1203125
2 0.38828125 0.45078125 0.14140625 0.12734375
0 0.284375 0.4984375 0.1828125 0.2171875
1 0.7984375 0.30859375 0.125 0.125