1 0.70390625 0.16171875 0.1453125 0.1265625
1 0.528125 0.225 0.184375 0.1484375
1 0.44609375 0.29140625 0.1765625 0.16875
1 0.28828125 0.596875 0.1125 0.08125
1 0.19453125 0.83828125 0.1390625 0.1046875
1 0.10703125 0.53046875 0.1625 0.121875
1 0.33125 0.36328125 0.1359375 0.1
1 0.5390625 0.72265625 0.1328125 0.1140625
3 0.87421875 0.43984375 0.128125 0.146875
3 0.70546875 0.35234375 0.1421875 0.1171875
3 0.825 0.0625 0.096875 0.1078125
3 0.58671875 0.51171875 0.1296875 0.10625
3 0.58125 0.81015625 0.121875 0.0984375
3 0.6015625 0.9171875 0.11875 0.1109375
3 0.86171875 0.9015625 0.159375 0.1609375
3 0.796875 0.54375 0.1359375 0.0984375
3 0.26328125 0.90078125 0.14375 0.0984375
3 0.33671875 0.83984375 0.1015625 0.09375
3 0.39375 0.63125 0.1328125 0.1109375
1 0.0671875 0.65625 0.0984375 0.1109375
3 0.1359375 0.96015625 0.1234375 0.0796875
3 0.34375 0.9453125 0.1625 0.109375
1 0.41640625 0.78125 0.1390625 0.1046875
3 0.7625 0.73203125 0.15625 0.15
3 0.70859375 0.93203125 0.109375 0.1109375
3 0.759375 0.91484375 0.09375 0.1046875
3 0.04375 0.92734375 0.0875 0.1390625
3 0.86328125 0.596875 0.090625 0.059375