3 0.9133744673295454 0.5133167613636364 0.09987571022727271 0.15092329545454541
3 0.8318093039772727 0.5160910866477273 0.08322975852272729 0.16756924715909088
3 0.7480246803977273 0.5116521661931818 0.09987571022727282 0.17644708806818182
3 0.6625754616477273 0.49833540482954547 0.08212002840909094 0.16978870738636365
3 0.5815651633522727 0.49056729403409094 0.07546164772727271 0.2053000710227273
3 0.4766956676136363 0.45838512073863635 0.12539950284090906 0.1942027698863637
3 0.3291015625 0.39457563920454547 0.16313032670454544 0.1220703125
3 0.3551802201704545 0.4983354048295454 0.07546164772727271 0.10764382102272724
3 0.5993208451704546 0.28804154829545453 0.13982599431818177 0.1775568181818182
3 0.9111550071022727 0.35018643465909094 0.08655894886363646 0.11763139204545453
3 0.33853426846590906 0.29525479403409094 0.17533735795454541 0.08322975852272724
3 0.29969371448863635 0.17151988636363635 0.11097301136363627 0.15092329545454547
3 0.39624023437499994 0.18317205255681818 0.06436434659090906 0.09876598011363635
3 0.08218661221590907 0.3396439985795454 0.1620205965909091 0.10320490056818182
3 0.10826526988636365 0.4755859375 0.09210759943181818 0.16645951704545459
3 0.09217418323863635 0.20758611505681818 0.16202059659090912 0.08766867897727271