3 0.95390625 0.71484375 0.0921875 0.1671875
3 0.87265625 0.6578125 0.1109375 0.1140625
3 0.79140625 0.62265625 0.1109375 0.1125
3 0.721875 0.59375 0.128125 0.128125
3 0.51171875 0.5 0.1125 0.134375
3 0.40078125 0.46953125 0.1640625 0.1703125
3 0.67890625 0.55546875 0.121875 0.121875
3 0.61484375 0.509375 0.13125 0.159375
3 0.49296875 0.3046875 0.1234375 0.10625
3 0.43359375 0.16484375 0.13125 0.103125
3 0.35703125 0.0546875 0.1453125 0.109375
2 0.5703125 0.0875 0.128125 0.175
1 0.71640625 0.36875 0.11875 0.1453125
3 0.7875 0.40078125 0.09375 0.0953125
3 0.846875 0.434375 0.0953125 0.115625
3 0.9046875 0.465625 0.121875 0.1359375
3 0.9484375 0.50625 0.103125 0.146875
3 0.8171875 0.17265625 0.1109375 0.11875
3 0.8875 0.22109375 0.140625 0.153125
1 0.93671875 0.26171875 0.1265625 0.171875
2 0.68203125 0.12109375 0.1125 0.13125
3 0.44375 0.25234375 0.11640625 0.08671875