2 0.51875 0.7265625 0.4640625 0.165625
2 0.62265625 0.4859375 0.61875 0.28125
1 0.54765625 0.12890625 0.1640625 0.16875
1 0.6765625 0.128125 0.14375 0.171875
1 0.78203125 0.13046875 0.1375 0.184375
3 0.8953125 0.1265625 0.1390625 0.1890625
3 0.9703125 0.13203125 0.059375 0.196875
3 0.2390625 0.05390625 0.1546875 0.1078125
3 0.05 0.14140625 0.1 0.134375
3 0.115625 0.1359375 0.1125 0.146875
3 0.21640625 0.1265625 0.1296875 0.1625
1 0.0921875 0.33125 0.184375 0.1015625
1 0.084375 0.5046875 0.16875 0.228125
1 0.225 0.4046875 0.1140625 0.215625
3 0.0890625 0.825 0.178125 0.35