3 0.103515625 0.3779296875 0.203125 0.375
1 0.2841796875 0.423828125 0.1796875 0.296875
3 0.458984375 0.501953125 0.19140625 0.279296875
3 0.623046875 0.5576171875 0.19140625 0.2109375
3 0.787109375 0.611328125 0.19921875 0.228515625
3 0.919921875 0.669921875 0.146484375 0.244140625
1 0.7578125 0.1962890625 0.2109375 0.28515625
1 0.9169921875 0.2158203125 0.150390625 0.283203125
3 0.5869140625 0.1015625 0.177734375 0.19921875
1 0.330078125 0.7587890625 0.171875 0.15234375
1 0.5029296875 0.806640625 0.158203125 0.20703125
1 0.6669921875 0.861328125 0.181640625 0.205078125
3 0.8271484375 0.91015625 0.15234375 0.169921875
3 0.349609375 0.08984375 0.283203125 0.17578125