3 0.66484375 0.5734375 0.1765625 0.196875
1 0.4 0.55546875 0.134375 0.115625
3 0.60625 0.6984375 0.0890625 0.1078125
3 0.515625 0.7484375 0.13125 0.153125
3 0.46796875 0.83828125 0.0859375 0.10625
3 0.390625 0.89140625 0.15625 0.1375
1 0.5265625 0.43828125 0.153125 0.1390625
2 0.88203125 0.77734375 0.234375 0.2671875
3 0.753125 0.8796875 0.1875 0.1984375
3 0.89296875 0.41328125 0.14375 0.1296875
1 0.74453125 0.32265625 0.14375 0.1453125
3 0.29765625 0.2984375 0.1625 0.15
1 0.21640625 0.38125 0.1578125 0.1484375
3 0.165625 0.4859375 0.1453125 0.121875
3 0.1109375 0.55546875 0.115625 0.1140625
3 0.35 0.62578125 0.11875 0.121875
3 0.2875 0.6859375 0.125 0.1140625
3 0.22734375 0.77734375 0.1578125 0.165625
3 0.14375 0.8828125 0.2 0.234375
3 0.66484375 0.253125 0.1234375 0.1609375
3 0.590625 0.21171875 0.1296875 0.11875
3 0.69296875 0.0578125 0.109375 0.115625
1 0.74609375 0.0640625 0.0828125 0.09375
3 0.784375 0.09453125 0.0828125 0.1
3 0.809375 0.13046875 0.0859375 0.09375
3 0.8484375 0.16875 0.0765625 0.0984375
1 0.91015625 0.2078125 0.13125 0.1359375
3 0.49921875 0.15859375 0.096875 0.096875
3 0.4125 0.08046875 0.1078125 0.121875
3 0.140625 0.2078125 0.10625 0.15625
3 0.06015625 0.6296875 0.1203125 0.128125
3 0.03046875 0.70078125 0.0609375 0.11953125
3 0.94140625 0.4921875 0.1171875 0.1625
3 0.95234375 0.08984375 0.0953125 0.1796875
3 0.3328125 0.05625 0.175 0.1125
3 0.0484375 0.25859375 0.09609375 0.128125
3 0.33203125 0.94375 0.1765625 0.1125