1 0.47265625 0.509765625 0.150390625 0.125
1 0.5517578125 0.39453125 0.140625 0.1484375
3 0.267578125 0.7685546875 0.0859375 0.12109375
3 0.181640625 0.5791015625 0.1015625 0.078125
1 0.880859375 0.7177734375 0.103515625 0.0859375
3 0.912109375 0.58203125 0.103515625 0.109375
3 0.546875 0.896484375 0.103515625 0.123046875
3 0.369140625 0.84765625 0.107421875 0.12109375
3 0.8134765625 0.3232421875 0.125 0.103515625
1 0.6865234375 0.2001953125 0.1015625 0.134765625
3 0.482421875 0.1064453125 0.095703125 0.091796875
1 0.0322265625 0.51953125 0.060546875 0.107421875
3 0.04296875 0.2529296875 0.08203125 0.1171875
3 0.05078125 0.0595703125 0.09765625 0.107421875
3 0.4111328125 0.6376953125 0.091796875 0.0859375
1 0.654296875 0.7548828125 0.119140625 0.09375
3 0.1064453125 0.9443359375 0.109375 0.109375
3 0.1630859375 0.8857421875 0.06640625 0.05859375
3 0.8701171875 0.05078125 0.111328125 0.09765625