1 0.16328125 0.73203125 0.0953125 0.1109375
3 0.25625 0.74921875 0.146875 0.2015625
3 0.22578125 0.83125 0.096875 0.1296875
3 0.15 0.8765625 0.071875 0.0953125
3 0.0984375 0.76640625 0.0921875 0.125
2 0.54375 0.596875 0.475 0.365625
3 0.5625 0.88125 0.1625 0.13125
3 0.6015625 0.9390625 0.115625 0.121875
3 0.7140625 0.89140625 0.153125 0.1203125
1 0.83359375 0.790625 0.14375 0.13125
1 0.9203125 0.721875 0.1265625 0.1078125
1 0.89765625 0.91953125 0.2046875 0.1609375
3 0.94765625 0.84140625 0.1046875 0.0890625
3 0.3171875 0.528125 0.1265625 0.0953125
3 0.39921875 0.44609375 0.0921875 0.1265625
3 0.45859375 0.41796875 0.096875 0.1375
3 0.5234375 0.3640625 0.1109375 0.125
1 0.59453125 0.340625 0.078125 0.1015625
3 0.64765625 0.33203125 0.1015625 0.115625
3 0.55546875 0.1890625 0.1 0.0984375
3 0.25625 0.29375 0.15625 0.1234375
2 0.08359375 0.43203125 0.165625 0.1953125
3 0.14296875 0.14375 0.1234375 0.1234375
3 0.2125 0.1265625 0.0671875 0.071875
3 0.2609375 0.09375 0.078125 0.071875
1 0.48515625 0.1 0.1203125 0.1171875
3 0.25625 0.38203125 0.1078125 0.0703125
3 0.61015625 0.1421875 0.10625 0.1125