3 0.19375 0.86875 0.225 0.159375
3 0.478125 0.85859375 0.14375 0.115625
1 0.125 0.6484375 0.18125 0.125
3 0.8078125 0.93125 0.1578125 0.1375
3 0.78125 0.803125 0.1890625 0.203125
1 0.93828125 0.1125 0.1234375 0.1234375
3 0.77578125 0.0578125 0.1578125 0.115625
1 0.65625 0.0515625 0.10625 0.103125
1 0.52109375 0.60390625 0.146875 0.16875
3 0.165625 0.28515625 0.1015625 0.0875
3 0.22734375 0.18828125 0.0921875 0.0921875
3 0.284375 0.15703125 0.0890625 0.0953125
1 0.17890625 0.4921875 0.1140625 0.0984375
3 0.1609375 0.409375 0.103125 0.11875
3 0.26953125 0.3984375 0.1578125 0.15
1 0.4875 0.46640625 0.1046875 0.1078125
1 0.46015625 0.33828125 0.1046875 0.1234375
3 0.6328125 0.57890625 0.0453125 0.0625
3 0.63046875 0.1625 0.0859375 0.06875
3 0.721875 0.534375 0.0671875 0.0515625
3 0.65859375 0.496875 0.05625 0.05625
3 0.71875 0.4921875 0.05 0.05625
2 0.6125 0.375 0.2328125 0.190625
1 0.40078125 0.11796875 0.09375 0.13125
1 0.09453125 0.08515625 0.13125 0.109375