1 0.3823686079545455 0.19981800426136365 0.07657137784090912 0.1276189630681818
3 0.2686212713068182 0.5110973011363636 0.13538707386363635 0.10209517045454547
3 0.5466086647727273 0.49889026988636365 0.149813565340909 0.11319247159090912
3 0.7280495383522727 0.5982111150568181 0.11319247159090906 0.11874112215909094
3 0.6969770951704546 0.7768776633522727 0.15536221590909094 0.11874112215909094
3 0.9339044744318181 0.7252752130681819 0.08101029829545459 0.10653409090909094
3 0.8651012073863636 0.3740456321022727 0.12318004261363646 0.11208274147727276
3 0.9483309659090908 0.3940207741477273 0.09432705965909083 0.13871626420454547
1 0.8157182173295454 0.19926313920454544 0.08655894886363646 0.0732421875
1 0.5982111150568181 0.237548828125 0.11763139204545459 0.09876598011363635
3 0.5255237926136364 0.03391335227272727 0.10764382102272724 0.06214488636363636
1 0.2763893821022727 0.041681463068181816 0.11541193181818182 0.07768110795454546
3 0.3551802201704546 0.628173828125 0.11985085227272724 0.12318004261363646
3 0.4184348366477273 0.7813165838068181 0.11319247159090906 0.11874112215909094
3 0.33021129261363635 0.8301447088068181 0.11874112215909088 0.12761896306818177
3 0.16930042613636365 0.8634366122159091 0.12761896306818188 0.11430220170454541
3 0.03446821732954545 0.9205877130681819 0.0577059659090909 0.13316761363636365