1 0.0634765625 0.8899739583333334 0.12174479166666666 0.1484375
3 0.32763671875 0.642578125 0.1162109375 0.111328125
3 0.2939453125 0.55517578125 0.09375 0.1044921875
3 0.17431640625 0.49609375 0.1142578125 0.115234375
1 0.3232421875 0.4130859375 0.095703125 0.095703125
1 0.16357421875 0.37939453125 0.1474609375 0.1064453125
3 0.5986328125 0.35986328125 0.13671875 0.1435546875
3 0.66748046875 0.4326171875 0.1005859375 0.10546875
3 0.6015625 0.63916015625 0.107421875 0.1162109375
3 0.68017578125 0.6005859375 0.1025390625 0.103515625
1 0.75927734375 0.55419921875 0.0947265625 0.1005859375
3 0.8330078125 0.5224609375 0.1171875 0.1484375
1 0.92333984375 0.50146484375 0.0947265625 0.1259765625
3 0.58544921875 0.8388671875 0.0908203125 0.109375
3 0.62060546875 0.794921875 0.0712890625 0.076171875
3 0.68701171875 0.77685546875 0.1025390625 0.1083984375
1 0.9541015625 0.66015625 0.08203125 0.107421875
1 0.87353515625 0.69482421875 0.0986328125 0.1259765625
1 0.79296875 0.7216796875 0.123046875 0.111328125
3 0.74658203125 0.19921875 0.1201171875 0.107421875
3 0.79541015625 0.28759765625 0.1474609375 0.1357421875
1 0.814453125 0.3662109375 0.09765625 0.0859375
1 0.94091796875 0.14794921875 0.0986328125 0.0966796875
1 0.93408203125 0.23583984375 0.1240234375 0.0986328125
3 0.630859375 0.06298828125 0.103515625 0.1044921875
3 0.51904296875 0.10400390625 0.1474609375 0.1474609375
1 0.3759765625 0.1376953125 0.083984375 0.083984375
3 0.18408203125 0.06884765625 0.0966796875 0.1142578125