3 0.88359375 0.584375 0.1390625 0.1625
3 0.6296875 0.34296875 0.1921875 0.1875
3 0.653125 0.8078125 0.1765625 0.1671875
3 0.46875 0.6765625 0.1390625 0.14375
3 0.51796875 0.9546875 0.075 0.06875
3 0.46953125 0.9171875 0.065625 0.0703125
3 0.30390625 0.59296875 0.19375 0.1796875
3 0.94609375 0.28203125 0.1078125 0.265625
3 0.784375 0.1046875 0.1375 0.1640625
2 0.0734375 0.2796875 0.146875 0.2109375
2 0.15859375 0.1046875 0.1828125 0.1875
2 0.42578125 0.06953125 0.19921875 0.1390625
2 0.3671875 0.15859375 0.13671875 0.103125