3 0.85546875 0.2451171875 0.212890625 0.1953125
3 0.4130859375 0.123046875 0.1171875 0.095703125
1 0.5830078125 0.552734375 0.115234375 0.1015625
1 0.4833984375 0.5986328125 0.0625 0.076171875
3 0.0634765625 0.267578125 0.095703125 0.103515625
1 0.1630859375 0.6591796875 0.087890625 0.078125
1 0.1748046875 0.7509765625 0.126953125 0.083984375
3 0.3505859375 0.8017578125 0.095703125 0.1015625
3 0.4423828125 0.7294921875 0.095703125 0.111328125
3 0.5546875 0.6787109375 0.109375 0.103515625
1 0.666015625 0.83984375 0.083984375 0.123046875
1 0.4921875 0.8798828125 0.109375 0.107421875
3 0.5205078125 0.9677734375 0.109375 0.04296875