1 0.2484375 0.09453125 0.146875 0.084375
1 0.10859375 0.246875 0.128125 0.09375
1 0.05390625 0.375 0.1078125 0.1796875
1 0.07890625 0.48671875 0.109375 0.0828125
1 0.20234375 0.5828125 0.1296875 0.1171875
1 0.0828125 0.7234375 0.109375 0.09375
1 0.14609375 0.67109375 0.1140625 0.0984375
1 0.0578125 0.58046875 0.1125 0.134375
1 0.3171875 0.43671875 0.134375 0.1328125
1 0.67265625 0.33515625 0.18125 0.1359375
1 0.665625 0.22734375 0.2125 0.11875
1 0.64921875 0.1296875 0.23125 0.1078125
1 0.853125 0.06953125 0.15625 0.1390625
1 0.953125 0.0484375 0.09375 0.096875
1 0.340625 0.02421875 0.153125 0.0484375
1 0.0328125 0.078125 0.065625 0.1296875
1 0.15078125 0.01796875 0.1921875 0.0359375
1 0.253125 0.1703125 0.1265625 0.1015625
1 0.38984375 0.15546875 0.1296875 0.1140625
1 0.4109375 0.228125 0.1421875 0.0859375
1 0.25546875 0.28046875 0.1328125 0.115625
1 0.1890625 0.39140625 0.14375 0.1390625
3 0.5390625 0.45625 0.115625 0.0953125
3 0.3734375 0.51640625 0.103125 0.0953125
3 0.45 0.49140625 0.0859375 0.0953125
3 0.553125 0.521875 0.0953125 0.090625
3 0.44296875 0.38828125 0.1140625 0.08125
3 0.4234375 0.3125 0.14375 0.1234375
3 0.8578125 0.2765625 0.1390625 0.1609375
1 0.9515625 0.265625 0.096875 0.1609375
3 0.54453125 0.0578125 0.1453125 0.115625