1 0.4296875 0.1859375 0.1015625 0.1484375
1 0.51796875 0.21953125 0.11875 0.2125
1 0.60625 0.225 0.121875 0.1578125
1 0.40546875 0.4078125 0.1078125 0.15625
1 0.496875 0.41640625 0.1078125 0.1984375
1 0.6875 0.46875 0.153125 0.2046875
1 0.946875 0.14765625 0.10625 0.128125
1 0.77734375 0.30234375 0.1703125 0.2015625
1 0.87578125 0.35 0.1390625 0.18125
1 0.7671875 0.50625 0.1515625 0.1875
1 0.8234375 0.565625 0.159375 0.178125
1 0.403125 0.6078125 0.1453125 0.125
1 0.3890625 0.6984375 0.1609375 0.1
1 0.38125 0.78671875 0.171875 0.10625
1 0.37265625 0.8671875 0.1796875 0.1
1 0.34765625 0.95 0.1734375 0.1
0 0.04765625 0.865625 0.09375 0.1390625
0 0.12265625 0.88203125 0.0578125 0.121875
1 0.80859375 0.840625 0.13125 0.1609375
1 0.61328125 0.68828125 0.15625 0.1734375
1 0.59296875 0.859375 0.1234375 0.1453125
1 0.65 0.9171875 0.1015625 0.125
3 0.5265625 0.63671875 0.1203125 0.1421875
1 0.67890625 0.7359375 0.1234375 0.15
3 0.7390625 0.78203125 0.1234375 0.165625
1 0.51875 0.80546875 0.1484375 0.184375
1 0.946875 0.390625 0.10625 0.15625
1 0.9484375 0.67109375 0.103125 0.209375
1 0.8890625 0.63515625 0.1171875 0.1484375
3 0.76640625 0.0609375 0.146875 0.121875
3 0.54765625 0.040625 0.09375 0.08125
3 0.628125 0.04921875 0.1 0.0984375
2 0.21796875 0.0421875 0.1015625 0.084375
0 0.21328125 0.12578125 0.134375 0.109375
0 0.17578125 0.221875 0.1390625 0.121875
0 0.178125 0.3671875 0.115625 0.1171875
0 0.16328125 0.459375 0.096875 0.115625
0 0.15 0.55546875 0.0953125 0.1171875
0 0.1453125 0.6671875 0.109375 0.1328125
3 0.8578125 0.92109375 0.140625 0.1578125
3 0.72734375 0.940625 0.11875 0.11875
1 0.59296875 0.42734375 0.1234375 0.203125