3 0.5947265625 0.9267578125 0.25 0.142578125
3 0.6650390625 0.83203125 0.142578125 0.1328125
3 0.4091796875 0.8515625 0.091796875 0.08203125
1 0.5478515625 0.658203125 0.173828125 0.15625
3 0.837890625 0.548828125 0.12890625 0.150390625
1 0.2939453125 0.5 0.083984375 0.068359375
1 0.2392578125 0.453125 0.119140625 0.125
1 0.353515625 0.32421875 0.146484375 0.173828125
3 0.5810546875 0.2607421875 0.10546875 0.103515625
3 0.0615234375 0.2158203125 0.119140625 0.099609375
3 0.0546875 0.736328125 0.10546875 0.1484375
3 0.9560546875 0.7158203125 0.078125 0.185546875