1 0.7515625 0.4546875 0.15625 0.171875
1 0.75078125 0.64140625 0.1078125 0.121875
1 0.7203125 0.77890625 0.1234375 0.1125
1 0.65703125 0.92421875 0.190625 0.1515625
1 0.17265625 0.0609375 0.1171875 0.121875
1 0.23125 0.09765625 0.115625 0.1625
1 0.3109375 0.1265625 0.1078125 0.2078125
1 0.384375 0.13984375 0.1078125 0.2171875
1 0.4640625 0.16640625 0.1078125 0.23125
3 0.25546875 0.53984375 0.2078125 0.1015625
3 0.31171875 0.66875 0.125 0.1203125
1 0.0953125 0.40546875 0.1296875 0.171875
3 0.19765625 0.4015625 0.115625 0.1515625
3 0.525 0.19609375 0.0984375 0.14375
3 0.5953125 0.23984375 0.1265625 0.1734375
3 0.03984375 0.67265625 0.0796875 0.1078125