0 0.24140625 0.8984375 0.18125 0.1609375
0 0.09375 0.7484375 0.1875 0.296875
0 0.2515625 0.20625 0.2421875 0.2515625
2 0.08984375 0.3203125 0.178125 0.1859375
2 0.23125 0.5046875 0.13125 0.1390625
2 0.859375 0.653125 0.2015625 0.221875
2 0.740625 0.88203125 0.259375 0.2359375
2 0.8421875 0.92265625 0.2109375 0.1546875
2 0.38515625 0.54140625 0.2109375 0.2234375
2 0.58125 0.73046875 0.265625 0.2640625
2 0.6921875 0.60625 0.1328125 0.15625
0 0.51171875 0.4734375 0.309375 0.303125
1 0.9375 0.10625 0.11953125 0.14609375
1 0.865625 0.05078125 0.13203125 0.1015625