1 0.68359375 0.14140625 0.1421875 0.1375
1 0.7640625 0.35078125 0.1203125 0.1390625
1 0.859375 0.5875 0.1390625 0.1203125
1 0.81328125 0.5078125 0.11875 0.103125
1 0.80625 0.7359375 0.1140625 0.1296875
1 0.953125 0.8484375 0.09375 0.1375
1 0.8671875 0.89765625 0.1390625 0.115625
1 0.61171875 0.6671875 0.1515625 0.128125
0 0.7015625 0.9328125 0.2359375 0.134375
0 0.2953125 0.1875 0.1171875 0.1265625
0 0.421875 0.34375 0.234375 0.2078125
0 0.41875 0.22265625 0.1625 0.1328125
0 0.2375 0.22578125 0.1 0.1171875
0 0.28828125 0.34296875 0.0984375 0.1015625
0 0.5109375 0.7171875 0.1171875 0.1296875
0 0.5484375 0.61484375 0.246875 0.1484375
0 0.50625 0.4890625 0.234375 0.25
0 0.2609375 0.7953125 0.1171875 0.109375
0 0.30625 0.6046875 0.125 0.1265625
0 0.2296875 0.7140625 0.1515625 0.0921875
0 0.68828125 0.94296875 0.2609375 0.1140625
0 0.42578125 0.90859375 0.165625 0.1828125
0 0.12421875 0.434375 0.1484375 0.0984375
1 0.16484375 0.07734375 0.153125 0.1546875
1 0.09921875 0.1375 0.1046875 0.10625
2 0.2359375 0.55546875 0.284375 0.16875
0 0.06875 0.81328125 0.1375 0.2671875
2 0.0640625 0.30859375 0.128125 0.1703125
3 0.92421875 0.70703125 0.08671875 0.0953125