1 0.38046875 0.20078125 0.1234375 0.159375
3 0.60078125 0.2296875 0.171875 0.134375
3 0.26015625 0.5109375 0.1953125 0.128125
3 0.41015625 0.75546875 0.1375 0.090625
3 0.41953125 0.80703125 0.1234375 0.0828125
3 0.725 0.60546875 0.14375 0.1390625
3 0.55703125 0.50546875 0.184375 0.1390625
3 0.93203125 0.72421875 0.1046875 0.1140625
3 0.7046875 0.7859375 0.203125 0.1421875
3 0.51953125 0.04375 0.140625 0.0875
3 0.8484375 0.378125 0.1390625 0.11875
3 0.06015625 0.67578125 0.1203125 0.1265625
1 0.1578125 0.8609375 0.165625 0.1015625