1 0.080078125 0.421875 0.16015625 0.171875
1 0.2021484375 0.5087890625 0.1328125 0.12890625
1 0.326171875 0.6240234375 0.125 0.1328125
1 0.40625 0.7421875 0.12109375 0.126953125
3 0.6982421875 0.8193359375 0.115234375 0.1015625
3 0.82421875 0.91796875 0.138671875 0.13671875
3 0.951171875 0.7216796875 0.09375 0.09375
3 0.869140625 0.6513671875 0.109375 0.109375
3 0.7822265625 0.5810546875 0.140625 0.142578125
1 0.6962890625 0.5205078125 0.103515625 0.095703125
1 0.640625 0.4482421875 0.109375 0.111328125
1 0.5234375 0.400390625 0.126953125 0.11328125
1 0.4228515625 0.34375 0.16796875 0.166015625
1 0.30859375 0.28125 0.130859375 0.12890625
3 0.22265625 0.1357421875 0.099609375 0.08984375
3 0.1328125 0.142578125 0.0859375 0.11328125
3 0.396484375 0.0458984375 0.1171875 0.0859375
1 0.5947265625 0.087890625 0.11328125 0.10546875
1 0.7490234375 0.2421875 0.1484375 0.130859375
3 0.94140625 0.216796875 0.11328125 0.1171875
1 0.8935546875 0.1474609375 0.10546875 0.1015625
1 0.7666015625 0.0498046875 0.14453125 0.095703125