1 0.22701937134502925 0.36807839912280704 0.2113029970760234 0.16790021929824567
3 0.4034859283625731 0.390921966374269 0.1073647660818714 0.17475328947368418
3 0.4788697002923976 0.4171920687134503 0.07766812865497075 0.17703764619883045
1 0.5474004020467835 0.4286138523391813 0.08680555555555547 0.17703764619883045
3 0.5736705043859649 0.17048154239766083 0.13706140350877194 0.15190972222222224
0 0.7826891447368421 0.5816657529239766 0.21701388888888884 0.19988121345029247
2 0.8066748903508771 0.781546966374269 0.207876461988304 0.1793220029239766
3 0.7975374634502924 0.9214638157894737 0.18274853801169577 0.12107090643274854
3 0.10252192982456138 0.7844024122807018 0.1679002192982456 0.091374269005848
3 0.09395559210526311 0.8529331140350878 0.16675804093567248 0.08908991228070173
1 0.09052905701754385 0.9151818347953216 0.1690423976608187 0.08109466374269003
1 0.07453855994152045 0.9642955043859649 0.14619883040935672 0.0673885233918129
3 0.3435215643274854 0.8986202485380117 0.14962536549707606 0.11650219298245612
1 0.3520879020467836 0.820952119883041 0.15305190058479534 0.08680555555555558
3 0.36408077485380114 0.7564190423976609 0.1519097222222222 0.09251644736842113
3 0.21331323099415206 0.602796052631579 0.14505665204678364 0.18503289473684215
1 0.3486613669590643 0.625639619883041 0.1279239766081871 0.19188596491228072
3 0.4371801900584795 0.6490542763157895 0.07881030701754388 0.14962536549707606
3 0.4965734649122807 0.667329130116959 0.08566337719298245 0.1519097222222222
3 0.5582510964912281 0.683890716374269 0.08337902046783618 0.15762061403508776
2 0.810672514619883 0.07168311403508772 0.20216557017543857 0.13934576023391812