1 0.926025390625 0.923828125 0.10009765625 0.107421875
2 0.115234375 0.11751302083333334 0.23046875 0.23502604166666669
2 0.15950520833333334 0.21549479166666666 0.16796875 0.16145833333333331
2 0.3020833333333333 0.3141276041666667 0.23958333333333334 0.20377604166666666
2 0.4873046875 0.42643229166666663 0.146484375 0.13151041666666669
3 0.48893229166666663 0.099609375 0.12109374999999994 0.13802083333333331
3 0.6116536458333333 0.21158854166666669 0.11002604166666663 0.10937500000000003
2 0.052408854166666664 0.6320452008928571 0.10481770833333333 0.15559895833333326
2 0.13899739583333331 0.5924479166666667 0.12174479166666666 0.11979166666666663
2 0.2581380208333333 0.6591796875 0.09960937499999997 0.11393229166666674
2 0.40625 0.6800130208333333 0.11588541666666663 0.11393229166666663
1 0.5338541666666666 0.6285807291666666 0.13281249999999994 0.076171875
1 0.65234375 0.609375 0.11197916666666674 0.08984375
3 0.7389322916666666 0.5963541666666667 0.078125 0.08072916666666663
2 0.064453125 0.7109375 0.11458333333333334 0.11979166666666674
3 0.6985677083333333 0.30338541666666663 0.07942708333333337 0.08072916666666669
3 0.8059895833333333 0.353515625 0.10286458333333337 0.10286458333333337
3 0.36946614583333337 0.05045572916666668 0.09700520833333331 0.10091145833333336