2 0.67109375 0.5328125 0.45 0.2359375
1 0.521875 0.34140625 0.1125 0.1328125
3 0.29296875 0.05859375 0.109375 0.1171875
3 0.4046875 0.09375 0.13125 0.13125
3 0.1984375 0.0609375 0.103125 0.1125
3 0.103125 0.05625 0.1015625 0.1046875
3 0.7578125 0.13359375 0.1046875 0.1078125
3 0.6890625 0.334375 0.1453125 0.115625
3 0.80078125 0.33515625 0.08125 0.1328125
3 0.9421875 0.33203125 0.115625 0.1203125
3 0.846875 0.14375 0.0859375 0.1125
3 0.9171875 0.14140625 0.0890625 0.1140625
0 0.9453125 0.56953125 0.078125 0.1375
0 0.12734375 0.3796875 0.234375 0.271875