2 0.91171875 0.617578125 0.171875 0.22265625
3 0.5690093493852459 0.9267578125 0.09583119877049173 0.142578125
1 0.662890625 0.90234375 0.09140625000000002 0.13593750000000004
3 0.741796875 0.8960937499999999 0.09765625 0.13906249999999998
3 0.69609375 0.6488281250000001 0.10625000000000007 0.13828125000000002
1 0.34140625 0.9320312500000001 0.1515625 0.12343749999999998
3 0.19302753337378648 0.9599609375 0.13605506674757292 0.08007812499999989
3 0.619140625 0.680078125 0.09453124999999996 0.11328125
1 0.525 0.678515625 0.07343750000000004 0.09140625000000002
3 0.444921875 0.70234375 0.09921874999999997 0.14687499999999998
3 0.358203125 0.7281249999999999 0.09140625000000002 0.11093750000000002
3 0.268359375 0.749609375 0.11015624999999998 0.13203125000000004
1 0.1859375 0.74296875 0.08906249999999999 0.13750000000000007
1 0.10078125 0.762890625 0.0921875 0.13046875000000002
1 0.027343750000000007 0.7765625 0.054687500000000014 0.13750000000000007
1 0.06015625 0.592578125 0.1125 0.11484375000000002
3 0.161328125 0.591796875 0.09921875 0.1460937499999999
3 0.25 0.57578125 0.09531250000000002 0.153125
1 0.31953125 0.546484375 0.10312500000000002 0.11640625000000004
3 0.416015625 0.526953125 0.08984375 0.12109375
1 0.4953125 0.513671875 0.09999999999999998 0.11171875000000003
1 0.5908203125 0.4993489583333333 0.099609375 0.13151041666666663
3 0.6712239583333334 0.4755859375 0.08203125 0.091796875
3 0.09928385416666667 0.37532552083333337 0.16731770833333334 0.13216145833333331
3 0.05598958333333333 0.27669270833333337 0.11197916666666666 0.10026041666666669
3 0.046549479166666664 0.19173177083333334 0.09309895833333333 0.11263020833333331
3 0.11523437499999999 0.033528645833333336 0.11848958333333334 0.06705729166666667
3 0.13802083333333334 0.08430989583333333 0.14973958333333331 0.11783854166666666
1 0.18001302083333334 0.16927083333333331 0.14127604166666669 0.09635416666666666
3 0.24446614583333334 0.34114583333333337 0.11002604166666669 0.09505208333333331
3 0.22395833333333331 0.24544270833333331 0.11328124999999997 0.09374999999999997
3 0.40071614583333337 0.064453125 0.14127604166666669 0.12760416666666669
2 0.4296875 0.14680989583333334 0.15104166666666669 0.13606770833333331
1 0.4453125 0.28092447916666663 0.10026041666666663 0.14388020833333331
3 0.5426432291666667 0.2659505208333333 0.08919270833333337 0.12304687499999997
3 0.6188151041666667 0.23470052083333334 0.11263020833333337 0.14127604166666669
3 0.7552083333333334 0.14322916666666666 0.12109375 0.11328124999999999
2 0.6809895833333333 0.044921875 0.13932291666666663 0.08984375