1 0.1990436422413793 0.9189453125 0.14183728448275862 0.158203125
3 0.348828125 0.86015625 0.07578125000000002 0.09062500000000007
1 0.297265625 0.7328125 0.05859375 0.059374999999999956
1 0.19453125 0.678125 0.12812500000000002 0.10624999999999996
3 0.0921875 0.63671875 0.1296875 0.10000000000000009
3 0.141015625 0.46992187500000004 0.10234375000000001 0.11015625000000001
3 0.305859375 0.5234375 0.06640625 0.06875000000000003
1 0.35703125 0.6304687499999999 0.10000000000000003 0.10781249999999998
1 0.506640625 0.5953125 0.11328124999999994 0.11250000000000004
1 0.505859375 0.711328125 0.11171875000000003 0.11796874999999996
1 0.65625 0.658984375 0.07499999999999996 0.07265624999999998
3 0.5734375 0.790234375 0.11562499999999998 0.10859374999999993
2 0.713706424864621 0.8960937499999999 0.27585034972924183 0.20781249999999984
2 0.7985026041666667 0.455078125 0.18815104166666663 0.20052083333333331
0 0.7565104166666667 0.322265625 0.12239583333333337 0.1328125
2 0.6419270833333333 0.298828125 0.09114583333333337 0.07942708333333337
0 0.6526692708333334 0.2099609375 0.111328125 0.09440104166666666
0 0.47591145833333337 0.20149739583333331 0.12239583333333331 0.11523437499999997
1 0.37109375 0.0625 0.12109375 0.12369791666666666
1 0.24609375 0.037109375 0.1015625 0.07291666666666666
1 0.1337890625 0.0400390625 0.123046875 0.080078125
3 0.8154296875 0.091796875 0.07877604166666674 0.08203125
3 0.8916015625 0.232421875 0.091796875 0.09114583333333334
3 0.9609375 0.11588541666666667 0.07812499999999989 0.13020833333333334