1 0.3203125 0.05859375 0.1328125 0.10546875
2 0.2060546875 0.2734375 0.21875 0.232421875
3 0.142578125 0.494140625 0.142578125 0.109375
3 0.0556640625 0.625 0.111328125 0.12890625
3 0.453125 0.41015625 0.140625 0.14453125
3 0.5576171875 0.3447265625 0.146484375 0.150390625
3 0.69140625 0.171875 0.16796875 0.162109375
3 0.8173828125 0.140625 0.111328125 0.14453125
3 0.3974609375 0.794921875 0.115234375 0.111328125
3 0.66015625 0.8642578125 0.083984375 0.09765625
3 0.7470703125 0.45703125 0.12109375 0.130859375
3 0.8154296875 0.3720703125 0.099609375 0.10546875
1 0.9521484375 0.3779296875 0.078125 0.076171875
1 0.8994140625 0.234375 0.052734375 0.072265625
3 0.951171875 0.0478515625 0.09375 0.091796875
3 0.3134765625 0.9345703125 0.123046875 0.126953125