2 0.859375 0.24609375 0.224609375 0.330078125
2 0.96484375 0.265625 0.0703125 0.14453125
2 0.9287109375 0.4443359375 0.142578125 0.154296875
2 0.8896484375 0.701171875 0.220703125 0.3046875
2 0.94921875 0.8408203125 0.1015625 0.19140625
2 0.537109375 0.5615234375 0.1796875 0.251953125
2 0.4267578125 0.5380859375 0.138671875 0.17578125
2 0.2978515625 0.6904296875 0.322265625 0.236328125
2 0.283203125 0.80078125 0.248046875 0.193359375
2 0.517578125 0.8251953125 0.19140625 0.255859375
2 0.6279296875 0.8447265625 0.142578125 0.173828125
2 0.2705078125 0.935546875 0.208984375 0.125