3 0.1265625 0.10234375000000001 0.090625 0.08125
1 0.13632812500000002 0.18320312500000002 0.11171875 0.08046875
1 0.140625 0.278515625 0.12031249999999999 0.09765625
3 0.148046875 0.384375 0.09921875000000001 0.08281250000000001
3 0.153515625 0.463671875 0.08984374999999999 0.07265624999999998
1 0.166796875 0.544921875 0.08984375000000001 0.08203125
3 0.175 0.625 0.1265625 0.07499999999999996
3 0.182421875 0.701171875 0.12265625 0.08671874999999996
1 0.1984375 0.7972656250000001 0.15468749999999998 0.12265625000000002
3 0.212890625 0.8968750000000001 0.10390624999999998 0.07187500000000002
3 0.2234967521067416 0.9654296874999999 0.1173060042134832 0.06914062499999984
2 0.45039062500000004 0.1046875 0.18046875 0.2015625
2 0.597265625 0.14609375 0.24296875 0.2921875
2 0.8902343749999999 0.267578125 0.18515625000000002 0.24453124999999998
2 0.65390625 0.332421875 0.1796875 0.14609374999999997
2 0.4921875 0.38554687499999996 0.30781250000000004 0.26171874999999994
2 0.46523437500000003 0.48945312500000004 0.17734375000000002 0.14453125000000006
2 0.6609375 0.55078125 0.14374999999999993 0.18593750000000003
2 0.74921875 0.6046875 0.14218750000000002 0.1796875
2 0.91484375 0.552734375 0.17031249999999987 0.27421875000000007
2 0.8792968749999999 0.809765625 0.24140624999999993 0.18671874999999993
0 0.7234375 0.864453125 0.30625 0.24140624999999993
2 0.42851562499999996 0.62265625 0.11015625000000001 0.09843749999999996
2 0.48867187500000003 0.75234375 0.18515625000000002 0.24687499999999996