0 0.665625 0.328125 0.340625 0.340625
0 0.1859375 0.08046875 0.2734375 0.1609375
1 0.79375 0.58984375 0.1453125 0.1703125
1 0.8859375 0.49765625 0.1578125 0.1828125
1 0.85625 0.6359375 0.14375 0.178125
1 0.909375 0.68828125 0.1640625 0.1921875
1 0.94296875 0.75859375 0.1140625 0.1765625
1 0.06171875 0.23515625 0.1234375 0.165625
1 0.1515625 0.35625 0.1453125 0.1703125
1 0.19921875 0.403125 0.1890625 0.1578125
1 0.275 0.44921875 0.153125 0.165625
1 0.39453125 0.5515625 0.1890625 0.165625
1 0.43828125 0.60234375 0.171875 0.1796875
1 0.50078125 0.6453125 0.1796875 0.171875
1 0.56484375 0.7 0.1796875 0.1859375
1 0.6265625 0.74765625 0.1796875 0.16875
1 0.675 0.8078125 0.1796875 0.171875
1 0.73515625 0.85859375 0.1484375 0.16875
1 0.8078125 0.9109375 0.2078125 0.178125
1 0.29453125 0.6375 0.15 0.1359375
1 0.45859375 0.81953125 0.1328125 0.15625
1 0.515625 0.865625 0.1265625 0.153125
1 0.575 0.90625 0.140625 0.171875
1 0.6375 0.9328125 0.1640625 0.134375
1 0.184375 0.5671875 0.10625 0.184375
1 0.0640625 0.50625 0.128125 0.1640625
1 0.06875 0.7234375 0.1375 0.1703125
1 0.0390625 0.8 0.078125 0.1328125
1 0.19375 0.84296875 0.165625 0.1375
1 0.26875 0.896875 0.15 0.1484375
1 0.321875 0.94453125 0.153125 0.1109375
1 0.14921875 0.92578125 0.1828125 0.1484375
3 0.08125 0.971875 0.15 0.05625
3 0.3421875 0.71875 0.1171875 0.103125
3 0.4109375 0.759375 0.1671875 0.1890625
3 0.09296875 0.44609375 0.1578125 0.1484375
1 0.10234375 0.6171875 0.178125 0.1921875