2 0.57421875 0.18828125 0.08125 0.125
2 0.83671875 0.178125 0.078125 0.121875
3 0.37890625 0.1796875 0.1625 0.215625
3 0.22265625 0.14140625 0.153125 0.2203125
3 0.078125 0.1234375 0.15 0.234375
3 0.39453125 0.42890625 0.11875 0.215625
1 0.29453125 0.4046875 0.090625 0.1859375
3 0.2234375 0.3921875 0.0984375 0.184375
3 0.39140625 0.60390625 0.09375 0.2
1 0.30625 0.59140625 0.06875 0.203125
1 0.21484375 0.55859375 0.10625 0.19375
3 0.12578125 0.51640625 0.103125 0.171875
3 0.059375 0.5109375 0.1078125 0.1875
3 0.134375 0.35859375 0.0875 0.15625
3 0.0453125 0.34375 0.0828125 0.15
3 0.35 0.83828125 0.10625 0.1921875
3 0.25859375 0.821875 0.1046875 0.2078125
3 0.08515625 0.765625 0.103125 0.184375
1 0.16796875 0.78671875 0.090625 0.1859375
1 0.440625 0.84765625 0.1109375 0.184375
1 0.52734375 0.85234375 0.1015625 0.19375
3 0.615625 0.84921875 0.075 0.1859375
3 0.7375 0.846875 0.1609375 0.1765625
3 0.90859375 0.8390625 0.1828125 0.159375
2 0.7046875 0.50546875 0.109375 0.096875
2 0.6953125 0.60625 0.128125 0.1015625
2 0.83125 0.41484375 0.0859375 0.0953125
2 0.8984375 0.45390625 0.0578125 0.103125