1 0.45390625 0.67109375 0.14375 0.134375
1 0.28046875 0.41953125 0.1890625 0.15625
1 0.303125 0.82265625 0.159375 0.159375
1 0.20234375 0.65625 0.1546875 0.1609375
1 0.1484375 0.5703125 0.1515625 0.1453125
1 0.08125 0.91328125 0.1625 0.1734375
1 0.66171875 0.9140625 0.2703125 0.171875
3 0.7421875 0.6046875 0.1484375 0.159375
3 0.86484375 0.81328125 0.23125 0.2109375
3 0.9546875 0.7140625 0.090625 0.2421875
3 0.67109375 0.5484375 0.1625 0.159375
3 0.24296875 0.33203125 0.1796875 0.134375
3 0.09921875 0.5078125 0.1984375 0.1375
3 0.0703125 0.42265625 0.140625 0.16875
3 0.12578125 0.15625 0.2328125 0.18125
1 0.69765625 0.22421875 0.1828125 0.1875
3 0.6109375 0.45390625 0.203125 0.1453125
1 0.90859375 0.4640625 0.14375 0.2015625
1 0.49453125 0.26796875 0.184375 0.140625
3 0.559375 0.36796875 0.1625 0.1625
3 0.42890625 0.125 0.2671875 0.25
3 0.57734375 0.07890625 0.209375 0.1578125
3 0.83125 0.2765625 0.1375 0.2171875
3 0.9421875 0.0890625 0.1046875 0.178125