2 0.146484375 0.6943359375 0.291015625 0.36328125
2 0.7001953125 0.599609375 0.251953125 0.220703125
2 0.6357421875 0.7587890625 0.21875 0.189453125
2 0.7626953125 0.796875 0.185546875 0.28125
2 0.8515625 0.271484375 0.265625 0.2734375
2 0.466796875 0.2666015625 0.298828125 0.212890625
2 0.560546875 0.1943359375 0.150390625 0.134765625
2 0.5615234375 0.080078125 0.25 0.15625
2 0.294921875 0.455078125 0.41796875 0.158203125
2 0.1865234375 0.1591796875 0.3203125 0.16796875
2 0.13671875 0.044921875 0.171875 0.0859375
3 0.2685546875 0.072265625 0.10546875 0.095703125
3 0.3798828125 0.103515625 0.09765625 0.109375