1 0.071875 0.53203125 0.134375 0.2078125
1 0.1828125 0.53125 0.125 0.203125
1 0.94375 0.50859375 0.1125 0.171875
1 0.84453125 0.50859375 0.14375 0.175
1 0.7546875 0.5109375 0.1375 0.1609375
1 0.665625 0.5375 0.146875 0.1875
1 0.5796875 0.53984375 0.1453125 0.171875
1 0.48515625 0.5609375 0.1578125 0.2125
1 0.37578125 0.55546875 0.1578125 0.23125
1 0.27734375 0.53046875 0.1234375 0.1953125
1 0.04375 0.71875 0.0859375 0.2203125
1 0.11015625 0.75390625 0.1296875 0.1546875
1 0.18359375 0.78046875 0.1328125 0.1953125
1 0.27421875 0.77421875 0.109375 0.2078125
1 0.36015625 0.775 0.1203125 0.2015625
1 0.44609375 0.7765625 0.121875 0.20625
1 0.5359375 0.7828125 0.10625 0.2125
1 0.62421875 0.75859375 0.109375 0.190625
1 0.71015625 0.7625 0.1140625 0.16875
1 0.803125 0.74609375 0.11875 0.16875
1 0.8859375 0.7359375 0.125 0.1640625
1 0.95234375 0.7296875 0.0953125 0.18125
1 0.665625 0.9546875 0.1171875 0.090625
1 0.7546875 0.946875 0.121875 0.10625
1 0.04375 0.94921875 0.0859375 0.1015625
1 0.13125 0.9546875 0.11875 0.090625
1 0.209375 0.96328125 0.1265625 0.0734375
1 0.31171875 0.965625 0.1375 0.06875
1 0.3984375 0.9671875 0.103125 0.065625
3 0.490625 0.95859375 0.096875 0.0828125
3 0.57890625 0.94765625 0.0984375 0.1046875
3 0.840625 0.9328125 0.1078125 0.134375
3 0.925 0.928125 0.128125 0.14375
0 0.496875 0.20703125 0.125 0.3875
0 0.746875 0.25625 0.1828125 0.184375
0 0.890625 0.21875 0.21875 0.1484375
0 0.071875 0.2734375 0.125 0.134375