0 0.40546875 0.16796875 0.128125 0.21875
2 0.278125 0.1609375 0.1859375 0.3140625
0 0.234375 0.5296875 0.1734375 0.1890625
0 0.22734375 0.65234375 0.1359375 0.1390625
0 0.24375 0.81484375 0.1546875 0.2671875
0 0.26015625 0.9546875 0.1640625 0.090625
0 0.4265625 0.5015625 0.1484375 0.1640625
0 0.4328125 0.63984375 0.1578125 0.1828125
0 0.4328125 0.75234375 0.146875 0.1140625
0 0.4578125 0.8421875 0.1390625 0.153125
0 0.45625 0.94296875 0.140625 0.1140625
2 0.93359375 0.41328125 0.1328125 0.3890625
0 0.70234375 0.52734375 0.2375 0.35