2 0.71484375 0.746875 0.3609375 0.3734375
2 0.8015625 0.91171875 0.221875 0.1765625
3 0.91953125 0.828125 0.1609375 0.19375
2 0.428125 0.8921875 0.215625 0.215625
2 0.47578125 0.765625 0.1234375 0.140625
3 0.15625 0.72265625 0.15625 0.153125
1 0.21875 0.66640625 0.2015625 0.2203125
1 0.4703125 0.51328125 0.1765625 0.19375
1 0.86875 0.35234375 0.1421875 0.1671875
1 0.71484375 0.375 0.1359375 0.140625
1 0.36640625 0.128125 0.14375 0.15
1 0.27734375 0.16640625 0.171875 0.1796875
3 0.0671875 0.32421875 0.134375 0.1546875
3 0.1265625 0.2625 0.1921875 0.2
3 0.44140625 0.06015625 0.1578125 0.1203125
3 0.30546875 0.6265625 0.15625 0.1734375
1 0.39140625 0.5640625 0.125 0.16875
3 0.56484375 0.4703125 0.1609375 0.175
3 0.63359375 0.421875 0.1484375 0.1703125