1 0.33409534801136365 0.6265092329545454 0.1220703125 0.10653409090909094
3 0.3046875 0.47447620738636365 0.15869140624999997 0.11319247159090912
3 0.3113458806818182 0.3291015625 0.17422762784090903 0.12650923295454541
3 0.31412020596590906 0.2031471946022727 0.16867897727272727 0.12096058238636362
3 0.6409357244318182 0.79296875 0.08322975852272729 0.08877840909090917
3 0.7269398082386365 0.7213911576704546 0.07546164772727282 0.09876598011363635
3 0.9072709517045455 0.5249689275568181 0.08322975852272729 0.12539950284090906
3 0.7890846946022727 0.46282404119318177 0.07102272727272718 0.13205788352272724
3 0.5654740767045455 0.46670809659090906 0.08322975852272729 0.11097301136363641
3 0.10826526988636363 0.9327947443181819 0.08766867897727273 0.11097301136363635
1 0.9327947443181819 0.9477761008522727 0.12539950284090917 0.08544921875