2 0.45228160511363635 0.3740456321022727 0.22305575284090912 0.12539950284090912
2 0.5410600142045454 0.4139959161931818 0.2075195312500001 0.12318004261363635
2 0.469482421875 0.1853915127840909 0.228604403409091 0.16534978693181818
3 0.6020951704545455 0.28360262784090906 0.08544921875 0.11985085227272727
1 0.8423517400568182 0.8456809303977273 0.146484375 0.10986328125
3 0.8495649857954546 0.9605379971590909 0.15425248579545459 0.0732421875
3 0.08995472301136365 0.8018465909090908 0.08655894886363635 0.08877840909090906
3 0.8567782315340909 0.6681241122159092 0.13094815340909083 0.09432705965909094
3 0.9444469105113638 0.701416015625 0.0688032670454547 0.07879083806818188
3 0.799072265625 0.5787908380681819 0.09099786931818177 0.09543678977272718
3 0.4855735085227273 0.6359419389204546 0.12096058238636376 0.08322975852272729
1 0.8001819957386365 0.41732510653409094 0.04660866477272718 0.04771839488636359
3 0.8795276988636365 0.298583984375 0.08988813920454553 0.1431551846590909
3 0.7874200994318182 0.36905184659090906 0.05437677556818188 0.05992542613636359
3 0.031693892045454544 0.44395862926136365 0.05881569602272727 0.20308061079545459
3 0.40567294034090906 0.9560990767045454 0.10098544034090906 0.07768110795454553