1 0.50625 0.8703125 0.125 0.15
1 0.82734375 0.95 0.2421875 0.1
1 0.8625 0.8984375 0.2578125 0.1921875
1 0.89609375 0.8234375 0.2078125 0.2234375
1 0.92734375 0.709375 0.1453125 0.165625
1 0.95390625 0.62421875 0.0921875 0.1609375
1 0.35078125 0.80546875 0.2140625 0.215625
1 0.61875 0.77265625 0.2015625 0.215625
1 0.678125 0.66328125 0.2234375 0.1984375
1 0.746875 0.5640625 0.2125 0.2078125
1 0.7875 0.490625 0.21875 0.1875
1 0.82421875 0.428125 0.171875 0.16875
1 0.871875 0.34296875 0.21875 0.175
1 0.90390625 0.2734375 0.18125 0.165625
1 0.921875 0.20859375 0.15625 0.14375
1 0.94453125 0.153125 0.1109375 0.134375
1 0.9546875 0.0875 0.090625 0.1265625
1 0.25859375 0.73984375 0.1578125 0.184375
1 0.1796875 0.68828125 0.171875 0.2140625
1 0.1140625 0.61953125 0.1625 0.1890625
1 0.06953125 0.565625 0.1390625 0.171875
1 0.08515625 0.0640625 0.1546875 0.128125
1 0.115625 0.12421875 0.1640625 0.134375
1 0.14609375 0.2015625 0.1953125 0.1703125
1 0.1515625 0.275 0.1703125 0.1515625
1 0.18828125 0.34375 0.171875 0.15625
1 0.234375 0.4015625 0.15625 0.1609375
1 0.26484375 0.465625 0.1515625 0.1359375
1 0.33828125 0.5203125 0.18125 0.2078125
1 0.40234375 0.5765625 0.1796875 0.2046875
1 0.46796875 0.61171875 0.165625 0.2046875
1 0.48828125 0.0515625 0.1390625 0.103125
1 0.5515625 0.128125 0.2125 0.209375
1 0.6625 0.21796875 0.2796875 0.278125
1 0.76015625 0.090625 0.20625 0.18125
1 0.26640625 0.08359375 0.2421875 0.159375
1 0.30546875 0.14609375 0.2046875 0.165625
1 0.3375 0.17734375 0.18125 0.1578125
1 0.37734375 0.2546875 0.1984375 0.190625
1 0.42109375 0.38046875 0.2125 0.1953125
1 0.475 0.42890625 0.21875 0.1796875
1 0.55390625 0.45703125 0.1484375 0.140625
1 0.03125 0.40703125 0.0625 0.16875